//Skill-ID,MaxLV,前置Skill-ID-1,前置Skill-ID-1-Lv,共可有5組前置技能
10000,1,0,0,0,0,0,0,0,0,0,0	//GD_APPROVAL#正式工會認証#
10001,1,10000,1,0,0,0,0,0,0,0,0	//GD_KAFRACONTRACT#和卡普拉訂契約#
10002,1,10000,1,0,0,0,0,0,0,0,0	//GD_GUARDRESEARCH#研究監護人#
10003,3,10000,1,0,0,0,0,0,0,0,0	//GD_GUARDUP#監護人魔物強化#
10004,10,0,0,0,0,0,0,0,0,0,0	//GD_EXTENSION#擴充組合體製#
10005,0,0,0,0,0,0,0,0,0,0,0	//GD_工會的榮譽
10006,5,0,0,0,0,0,0,0,0,0,0	//GD_LEADERSHIP#偉大的領導力#
10007,5,0,0,0,0,0,0,0,0,0,0	//GD_GLORYWOUNDS#光榮的傷口#
10008,5,10007,1,0,0,0,0,0,0,0,0	//GD_SOULCOLD#冷漠之心#
10009,5,10006,1,0,0,0,0,0,0,0,0	//GD_HAWKEYES#尖銳的視線#
10010,1,10000,1,10004,2,0,0,0,0,0,0	//GD_BATTLEORDER#下達戰斗命令#
10011,3,10000,1,10004,5,10010,1,0,0,0,0	//GD_REGENERATION#復興公會員體力#
10012,1,10011,2,0,0,0,0,0,0,0,0	//GD_RESTORE#恢復公會員體力#
10013,1,10000,1,10002,1,10004,5,10010,1,10011,1	//GD_EMERGENCYCALL#緊急呼叫#
10014,1,0,0,0,0,0,0,0,0,0,0	//GD_DEVELOPMENT#永久的發展#
