//homun_skill_tree.txt
// Class,Skill-ID,MaxLV,前置Skill-ID-1,前置Skill-ID-1-Lv,前置技能最多五個,前置BaseLv,親密度


6001,8001,5,0,0,0,0,0,0,0,0,0,0,0,0//HLIF_HEAL#治癒之手#
6001,8002,5,8001,3,0,0,0,0,0,0,0,0,0,0//HLIF_AVOID#輕捷移動#
6001,8003,5,8001,5,0,0,0,0,0,0,0,0,0,0//HLIF_BRAIN#腦手術#

6002,8005,5,0,0,0,0,0,0,0,0,0,0,0,0//HAMI_CASTLE#位置互換#
6002,8006,5,8005,5,0,0,0,0,0,0,0,0,0,0//HAMI_DEFENCE#防禦力#
6002,8007,5,8006,3,0,0,0,0,0,0,0,0,0,0//HAMI_SKIN#活命之膚#

6003,8009,5,0,0,0,0,0,0,0,0,0,0,0,0//HFLI_MOON#月光#
6003,8010,5,8009,3,0,0,0,0,0,0,0,0,0,0//HFLI_FLEET#橫越速度#
6003,8011,5,8010,3,0,0,0,0,0,0,0,0,0,0//HFLI_SPEED#緊急迴避#

6004,8013,5,0,0,0,0,0,0,0,0,0,0,0,0//HVAN_CAPRICE#善變#
6004,8014,5,8013,3,0,0,0,0,0,0,0,0,0,0//HVAN_CHAOTIC#混亂的祈福#
6004,8015,5,8013,5,0,0,0,0,0,0,0,0,0,0//HVAN_INSTRUCT#變更指示#

6005,8001,5,0,0,0,0,0,0,0,0,0,0,0,0//HLIF_HEAL#治癒之手#
6005,8002,5,8001,3,0,0,0,0,0,0,0,0,0,0//HLIF_AVOID#輕捷移動#
6005,8003,5,8001,5,0,0,0,0,0,0,0,0,0,0//HLIF_BRAIN#腦手術#

6006,8005,5,0,0,0,0,0,0,0,0,0,0,0,0//HAMI_CASTLE#位置互換#
6006,8006,5,8005,5,0,0,0,0,0,0,0,0,0,0//HAMI_DEFENCE#防禦力#
6006,8007,5,8006,3,0,0,0,0,0,0,0,0,0,0//HAMI_SKIN#活命之膚#

6007,8009,5,0,0,0,0,0,0,0,0,0,0,0,0//HFLI_MOON#月光#
6007,8010,5,8009,3,0,0,0,0,0,0,0,0,0,0//HFLI_FLEET#橫越速度#
6007,8011,5,8010,3,0,0,0,0,0,0,0,0,0,0//HFLI_SPEED#緊急迴避#

6008,8013,5,0,0,0,0,0,0,0,0,0,0,0,0//HVAN_CAPRICE#善變#
6008,8014,5,8013,3,0,0,0,0,0,0,0,0,0,0//HVAN_CHAOTIC#混亂的祈福#
6008,8015,5,8013,5,0,0,0,0,0,0,0,0,0,0//HVAN_INSTRUCT#變更指示#

6009,8001,5,0,0,0,0,0,0,0,0,0,0,0,0//HLIF_HEAL#治癒之手#
6009,8002,5,8001,3,0,0,0,0,0,0,0,0,0,0//HLIF_AVOID#輕捷移動#
6009,8003,5,8001,5,0,0,0,0,0,0,0,0,0,0//HLIF_BRAIN#腦手術#
6009,8004,3,8001,5,8002,5,8003,5,0,0,0,0,0,100000//HLIF_CHANGE#智力變換#

6010,8005,5,0,0,0,0,0,0,0,0,0,0,0,0//HAMI_CASTLE#位置互換#
6010,8006,5,8005,5,0,0,0,0,0,0,0,0,0,0//HAMI_DEFENCE#防禦力#
6010,8007,5,8006,3,0,0,0,0,0,0,0,0,0,0//HAMI_SKIN#活命之膚#
6010,8008,3,8005,5,8006,5,8007,5,0,0,0,0,0,100000//HAMI_BLOODLUST#血的貪求#

6011,8009,5,0,0,0,0,0,0,0,0,0,0,0,0//HFLI_MOON#月光#
6011,8010,5,8009,3,0,0,0,0,0,0,0,0,0,0//HFLI_FLEET#橫越速度#
6011,8011,5,8010,3,0,0,0,0,0,0,0,0,0,0//HFLI_SPEED#緊急迴避#
6011,8012,3,8009,5,8010,5,8011,5,0,0,0,0,0,100000//HFLI_SBR44#S.B.R.44#

6012,8013,5,0,0,0,0,0,0,0,0,0,0,0,0//HVAN_CAPRICE#善變#
6012,8014,5,8013,3,0,0,0,0,0,0,0,0,0,0//HVAN_CHAOTIC#混亂的祈福#
6012,8015,5,8013,5,0,0,0,0,0,0,0,0,0,0//HVAN_INSTRUCT#變更指示#
6012,8016,3,8013,5,8014,5,8015,5,0,0,0,0,0,100000//HVAN_EXPLOSION#生物爆炸#

6013,8001,5,0,0,0,0,0,0,0,0,0,0,0,0//HLIF_HEAL#治癒之手#
6013,8002,5,8001,3,0,0,0,0,0,0,0,0,0,0//HLIF_AVOID#輕捷移動#
6013,8003,5,8001,5,0,0,0,0,0,0,0,0,0,0//HLIF_BRAIN#腦手術#
6013,8004,3,8001,5,8002,5,8003,5,0,0,0,0,0,100000//HLIF_CHANGE#智力變換#

6014,8005,5,0,0,0,0,0,0,0,0,0,0,0,0//HAMI_CASTLE#位置互換#
6014,8006,5,8005,5,0,0,0,0,0,0,0,0,0,0//HAMI_DEFENCE#防禦力#
6014,8007,5,8006,3,0,0,0,0,0,0,0,0,0,0//HAMI_SKIN#活命之膚#
6014,8008,3,8005,5,8006,5,8007,5,0,0,0,0,0,100000//HAMI_BLOODLUST#血的貪求#

6015,8009,5,0,0,0,0,0,0,0,0,0,0,0//HFLI_MOON#月光#
6015,8010,5,8009,3,0,0,0,0,0,0,0,0,0//HFLI_FLEET#橫越速度#
6015,8011,5,8010,3,0,0,0,0,0,0,0,0,0//HFLI_SPEED#緊急迴避#
6015,8012,3,8009,5,8010,5,8011,5,0,0,0,0,100000//HFLI_SBR44#S.B.R.44#

6016,8013,5,0,0,0,0,0,0,0,0,0,0,0,0//HVAN_CAPRICE#善變#
6016,8014,5,8013,3,0,0,0,0,0,0,0,0,0,0//HVAN_CHAOTIC#混亂的祈福#
6016,8015,5,8013,5,0,0,0,0,0,0,0,0,0,0//HVAN_INSTRUCT#變更指示#
6016,8016,3,8013,5,8014,5,8015,5,0,0,0,0,0,100000//HVAN_EXPLOSION#生物爆炸#


