//weight,hp,hp2,sp,aspd*22(空手,短劍,單手劍,兩手劍,單手槍,兩手槍,單手斧,兩手斧,單手鈍器,兩手鈍器,杖,弓,爪,樂器,鞭,本,拳刃,手槍,步槍,射擊手槍,格林機槍,榴彈發射器,手媦C)
//x NOV,SWO,MAG,ARC,ACO,MER,THI,KNI,PRI,WIZ,BLA,HUN,ASS,KNIp,CRU,MON,SAG,ROG,ALC,BAR,DAN,CRUp,WED,SNV,TKB,SG,SGp,SL,GS,NJ
20000,  0,500,100, 500, 650, 700,2000,2000,2000, 800,2000, 700, 700, 650,2000,2000,2000,2000,2000,2000,2000,2000,2000,2000,2000,2000
28000, 70,500,200, 400, 500, 550, 600, 650, 700, 700, 750, 650, 700,2000,2000,2000,2000,2000,2000,2000,2000,2000,2000,2000,2000,2000
22000, 30,500,600, 500, 600,2000,2000,2000,2000,2000,2000,2000,2000, 700,2000,2000,2000,2000,2000,2000,2000,2000,2000,2000,2000,2000
26000, 50,500,200, 400, 600,2000,2000,2000,2000,2000,2000,2000,2000,2000, 700,2000,2000,2000,2000,2000,2000,2000,2000,2000,2000,2000
24000, 40,500,500, 400,2000,2000,2000,2000,2000,2000,2000, 600, 600, 600,2000,2000,2000,2000,2000,2000,2000,2000,2000,2000,2000,2000
28000, 40,500,300, 400, 600, 700,2000,2000,2000, 700, 750, 700, 700,2000,2000,2000,2000,2000,2000,2000,2000,2000,2000,2000,2000,2000
24000, 50,500,200, 400, 500, 650,2000,2000,2000, 800,2000,2000,2000,2000, 800,2000,2000,2000,2000,2000,2000,2000,2000,2000,2000,2000
28000,150,500,300, 400, 500, 500, 550, 600, 600, 700, 700, 650, 700,2000,2000,2000,2000,2000,2000,2000,2000,2000,2000,2000,2000,2000
26000, 75,500,800, 400,2000,2000,2000,2000,2000,2000,2000, 600, 600, 600,2000,2000,2000,2000, 600,2000,2000,2000,2000,2000,2000,2000
24000, 55,500,900, 500, 575,2000,2000,2000,2000,2000,2000,2000,2000, 625,2000,2000,2000,2000,2000,2000,2000,2000,2000,2000,2000,2000
30000, 90,500,400, 400, 600, 650,2000,2000,2000, 650, 650, 675, 675,2000,2000,2000,2000,2000,2000,2000,2000,2000,2000,2000,2000,2000
27000, 85,500,400, 400, 600,2000,2000,2000,2000,2000,2000,2000,2000,2000, 600,2000,2000,2000,2000,2000,2000,2000,2000,2000,2000,2000
24000,110,500,400, 400, 500, 650,2000,2000,2000, 800,2000,2000,2000,2000,2000,2000,2000,2000,2000, 500,2000,2000,2000,2000,2000,2000
20000,  0,500,100,2000,2000,2000,2000,2000,2000,2000,2000,2000,2000,2000,2000,2000,2000,2000,2000,2000,2000,2000,2000,2000,2000,2000
28000,110,700,470, 400, 500, 500, 550, 600, 600, 700, 700, 650, 700,2000,2000,2000,2000,2000,2000,2000,2000,2000,2000,2000,2000,2000
26000, 90,650,470, 400,2000,2000,2000,2000,2000,2000,2000, 575, 575, 575,2000, 475,2000,2000,2000,2000,2000,2000,2000,2000,2000,2000
24000, 75,500,700, 450, 525,2000,2000,2000,2000,2000,2000,2000,2000, 625,2000,2000,2000,2000, 550,2000,2000,2000,2000,2000,2000,2000
24000, 85,500,500, 400, 500, 550,2000,2000,2000,2000,2000,2000,2000,2000, 650,2000,2000,2000,2000,2000,2000,2000,2000,2000,2000,2000
30000, 90,500,400, 400, 550, 575,2000,2000,2000, 675, 700, 650, 650,2000,2000,2000,2000,2000,2000,2000,2000,2000,2000,2000,2000,2000
27000, 75,300,600, 400, 550,2000,2000,2000,2000,2000,2000,2000,2000,2000, 650,2000, 575,2000,2000,2000,2000,2000,2000,2000,2000,2000
27000, 75,300,600, 400, 550,2000,2000,2000,2000,2000,2000,2000,2000,2000, 650,2000,2000, 575,2000,2000,2000,2000,2000,2000,2000,2000
20000,  0,500,100,2000,2000,2000,2000,2000,2000,2000,2000,2000,2000,2000,2000,2000,2000,2000,2000,2000,2000,2000,2000,2000,2000,2000
20000,  0,500,100,2000,2000,2000,2000,2000,2000,2000,2000,2000,2000,2000,2000,2000,2000,2000,2000,2000,2000,2000,2000,2000,2000,2000
20000,  0,500,100, 500, 650, 700,2000,2000,2000, 800,2000, 700, 700, 650,2000,2000,2000,2000,2000,2000,2000,2000,2000,2000,2000,2000
26000, 50,500,470, 400,2000,2000,2000,2000,2000,2000,2000,2000,2000,2000,2000,2000,2000,2000,2000,2000,2000,2000,2000,2000,2000,2000
24000, 80,650,700, 450,2000,2000,2000,2000,2000,2000,2000,2000,2000,2000,2000,2000,2000,2000, 550,2000,2000,2000,2000,2000,2000,2000
24000, 80,650,700, 450,2000,2000,2000,2000,2000,2000,2000,2000,2000,2000,2000,2000,2000,2000, 550,2000,2000,2000,2000,2000,2000,2000
24000, 55,500,900, 500, 575,2000,2000,2000,2000,2000,2000,2000,2000, 625,2000,2000,2000,2000,2000,2000,2000,2000,2000,2000,2000,2000
27000, 75,300,600, 400,2000,2000,2000,2000,2000,2000,2000,2000,2000,2000,2000,2000,2000,2000,2000,2000, 700, 800,1200, 700,1500,2000
24000,110,500,400, 400, 500,2000,2000,2000,2000,2000,2000,2000,2000,2000,2000,2000,2000,2000,2000,2000,2000,2000,2000,2000,2000, 500
