//skill_require_db.txt＠AthenaDB計畫 2005/04/14 00:00:00 +0900 (JST)
//id,list_hp,list_sp,list_hp_rate,list_sp_rate,list_zeny,list_weapon,state,spiritball,itemid1,amount1,itemid2,amount2,itemid3,amount3,itemid4,amount4,itemid5,amount5,itemid6,amount6,itemid7,amount7,itemid8,amount8,itemid9,amount9,itemid10,amount10

5,0,8:8:8:8:8:15:15:15:15:15,0,0,0,0:1:2:3:4:5:6:7:8:9:10:12:13:14:15:16:17:18:19:20:21:22,none,0,0,0,0,0,0,0,0,0,0,0,0,0,0,0,0,0,0,0,0,0	//SM_BASH#狂擊#
6,0,4:5:6:7:8:9:10:11:12:13,0,0,0,99,none,0,0,0,0,0,0,0,0,0,0,0,0,0,0,0,0,0,0,0,0,0	//SM_PROVOKE#挑釁#
7,20:20:19:19:18:18:17:17:16:16,30,0,0,0,99,none,0,0,0,0,0,0,0,0,0,0,0,0,0,0,0,0,0,0,0,0,0	//SM_MAGNUM#怒爆#
8,0,10,0,0,0,99,none,0,0,0,0,0,0,0,0,0,0,0,0,0,0,0,0,0,0,0,0,0	//SM_ENDURE#霸體#

10,0,10,0,0,0,99,none,0,0,0,0,0,0,0,0,0,0,0,0,0,0,0,0,0,0,0,0,0	//MG_SIGHT#火狩#
11,0,9:9:9:12:12:12:15:15:15:18,0,0,0,99,none,0,0,0,0,0,0,0,0,0,0,0,0,0,0,0,0,0,0,0,0,0	//MG_NAPALMBEAT#心靈爆破#
12,0,30:30:30:35:35:40:40:40:40:40,0,0,0,99,none,0,717,1,0,0,0,0,0,0,0,0,0,0,0,0,0,0,0,0,0,0	//MG_SAFETYWALL#暗之障壁#
13,0,18:14:24:20:30:26:36:32:42:38,0,0,0,99,none,0,0,0,0,0,0,0,0,0,0,0,0,0,0,0,0,0,0,0,0,0	//MG_SOULSTRIKE#聖靈召喚#
14,0,12:14:16:18:20:22:24:26:28:30,0,0,0,99,none,0,0,0,0,0,0,0,0,0,0,0,0,0,0,0,0,0,0,0,0,0	//MG_COLDBOLT#冰箭術#
15,0,25:24:23:22:21:20:19:18:17:16,0,0,0,99,none,0,0,0,0,0,0,0,0,0,0,0,0,0,0,0,0,0,0,0,0,0	//MG_FROSTDIVER#冰凍術#
16,0,25:24:23:22:21:20:19:18:17:16,0,0,0,99,none,0,716,1,0,0,0,0,0,0,0,0,0,0,0,0,0,0,0,0,0,0	//MG_STONECURSE#石化術#
17,0,25,0,0,0,99,none,0,0,0,0,0,0,0,0,0,0,0,0,0,0,0,0,0,0,0,0,0	//MG_FIREBALL#火球術#
18,0,40,0,0,0,99,none,0,0,0,0,0,0,0,0,0,0,0,0,0,0,0,0,0,0,0,0,0	//MG_FIREWALL#火焰之壁#
19,0,12:14:16:18:20:22:24:26:28:30,0,0,0,99,none,0,0,0,0,0,0,0,0,0,0,0,0,0,0,0,0,0,0,0,0,0	//MG_FIREBOLT#火箭術#
20,0,12:14:16:18:20:22:24:26:28:30,0,0,0,99,none,0,0,0,0,0,0,0,0,0,0,0,0,0,0,0,0,0,0,0,0,0	//MG_LIGHTNINGBOLT#雷擊術#
21,0,29:34:39:44:49:54:59:64:69:74,0,0,0,99,none,0,0,0,0,0,0,0,0,0,0,0,0,0,0,0,0,0,0,0,0,0	//MG_THUNDERSTORM#雷爆術#

24,0,10,0,0,0,99,none,0,0,0,0,0,0,0,0,0,0,0,0,0,0,0,0,0,0,0,0,0	//AL_RUWACH#光獵#
25,0,10,0,0,0,99,none,0,0,0,0,0,0,0,0,0,0,0,0,0,0,0,0,0,0,0,0,0	//AL_PNEUMA#光之障壁#
26,0,9:10,0,0,0,99,none,0,0,0,0,0,0,0,0,0,0,0,0,0,0,0,0,0,0,0,0,0	//AL_TELEPORT#瞬間移動#
27,0,35:32:29:26,0,0,0,99,none,0,717,1,0,0,0,0,0,0,0,0,0,0,0,0,0,0,0,0,0,0	//AL_WARP#傳送之陣#
28,0,13:16:19:22:25:28:31:34:37:40,0,0,0,99,none,0,0,0,0,0,0,0,0,0,0,0,0,0,0,0,0,0,0,0,0,0	//AL_HEAL#治癒術#
29,15,18:21:24:27:30:33:36:39:42:45,0,0,0,99,none,0,0,0,0,0,0,0,0,0,0,0,0,0,0,0,0,0,0,0,0,0	//AL_INCAGI#加速術#
30,0,15:17:19:21:23:25:27:29:31:33,0,0,0,99,none,0,0,0,0,0,0,0,0,0,0,0,0,0,0,0,0,0,0,0,0,0	//AL_DECAGI#緩速術#
31,0,10,0,0,0,99,water,0,713,1,0,0,0,0,0,0,0,0,0,0,0,0,0,0,0,0,0,0	//AL_HOLYWATER#天使之淚#
32,0,35,0,0,0,99,none,0,0,0,0,0,0,0,0,0,0,0,0,0,0,0,0,0,0,0,0,0	//AL_CRUCIS#天使之光#
33,0,23:26:29:32:35:38:41:44:47:50,0,0,0,99,none,0,0,0,0,0,0,0,0,0,0,0,0,0,0,0,0,0,0,0,0,0	//AL_ANGELUS#天使之障壁#
34,0,28:32:36:40:44:48:52:56:60:64,0,0,0,99,none,0,0,0,0,0,0,0,0,0,0,0,0,0,0,0,0,0,0,0,0,0	//AL_BLESSING#天使之賜福#
35,0,15,0,0,0,99,none,0,0,0,0,0,0,0,0,0,0,0,0,0,0,0,0,0,0,0,0,0	//AL_CURE#治療術#

40,0,10,0,0,0,99,none,0,0,0,0,0,0,0,0,0,0,0,0,0,0,0,0,0,0,0,0,0	//MC_IDENTIFY#物品鑑定#
41,0,30,0,0,0,99,cart,0,0,0,0,0,0,0,0,0,0,0,0,0,0,0,0,0,0,0,0,0	//MC_VENDING#露天商店#
42,0,5,0,0,100:200:300:400:500:600:700:800:900:1000,0:1:2:3:4:5:6:7:8:9:10:12:13:14:15:16:17:18:19:20:21:22,none,0,0,0,0,0,0,0,0,0,0,0,0,0,0,0,0,0,0,0,0,0	//MC_MAMMONITE#金錢攻擊#

45,0,25:30:35:40:45:50:55:60:65:70,0,0,0,99,none,0,0,0,0,0,0,0,0,0,0,0,0,0,0,0,0,0,0,0,0,0	//AC_CONCENTRATION#心神凝聚#
46,0,12,0,0,0,11,none,0,0,0,0,0,0,0,0,0,0,0,0,0,0,0,0,0,0,0,0,0	//AC_DOUBLE#二連矢#
47,0,15,0,0,0,11,none,0,0,0,0,0,0,0,0,0,0,0,0,0,0,0,0,0,0,0,0,0	//AC_SHOWER#箭雨#

50,0,10,0,0,0,99,none,0,0,0,0,0,0,0,0,0,0,0,0,0,0,0,0,0,0,0,0,0	//TF_STEAL#偷竊#
51,0,10,0,0,0,99,none,0,0,0,0,0,0,0,0,0,0,0,0,0,0,0,0,0,0,0,0,0	//TF_HIDING#隱匿#
52,0,12,0,0,0,99,none,0,0,0,0,0,0,0,0,0,0,0,0,0,0,0,0,0,0,0,0,0	//TF_POISON#施毒#
53,0,10,0,0,0,99,none,0,0,0,0,0,0,0,0,0,0,0,0,0,0,0,0,0,0,0,0,0	//TF_DETOXIFY#解毒#
54,0,60,0,0,0,99,none,0,717,1,0,0,0,0,0,0,0,0,0,0,0,0,0,0,0,0,0,0	//ALL_RESURRECTION#復活術#

56,0,7,0,0,0,4:5,none,0,0,0,0,0,0,0,0,0,0,0,0,0,0,0,0,0,0,0,0,0	//KN_PIERCE#連刺攻擊#
57,0,12,0,0,0,4:5,riding,0,0,0,0,0,0,0,0,0,0,0,0,0,0,0,0,0,0,0,0,0	//KN_BRANDISHSPEAR#騎乘攻擊#
58,0,9,0,0,0,4:5,none,0,0,0,0,0,0,0,0,0,0,0,0,0,0,0,0,0,0,0,0,0	//KN_SPEARSTAB#長矛刺擊#
59,0,10,0,0,0,4:5,none,0,0,0,0,0,0,0,0,0,0,0,0,0,0,0,0,0,0,0,0,0	//KN_SPEARBOOMERANG#投擲長矛攻擊#
60,0,14:18:22:26:30:34:38:42:46:50,0,0,0,3,none,0,0,0,0,0,0,0,0,0,0,0,0,0,0,0,0,0,0,0,0,0	//KN_TWOHANDQUICKEN#雙手劍攻擊速度增加#
61,0,3,0,0,0,99,none,0,0,0,0,0,0,0,0,0,0,0,0,0,0,0,0,0,0,0,0,0	//KN_AUTOCOUNTER#反擊#
62,0,13:14:15:16:17:18:19:20:21:22,0,0,0,99,none,0,0,0,0,0,0,0,0,0,0,0,0,0,0,0,0,0,0,0,0,0	//KN_BOWLINGBASH#怪物互擊#

66,0,13:16:19:22:25,0,0,0,99,none,0,0,0,0,0,0,0,0,0,0,0,0,0,0,0,0,0,0,0,0,0	//PR_IMPOSITIO#神威祈福#
67,0,8,0,0,0,99,none,0,0,0,0,0,0,0,0,0,0,0,0,0,0,0,0,0,0,0,0,0	//PR_SUFFRAGIUM#犧牲祈福#
68,0,14:18:22:26:30,0,0,0,99,none,0,523,1,0,0,0,0,0,0,0,0,0,0,0,0,0,0,0,0,0,0	//PR_ASPERSIO#撒水祈福#
69,0,20,0,0,0,99,none,0,0,0,0,0,0,0,0,0,0,0,0,0,0,0,0,0,0,0,0,0	//PR_BENEDICTIO#聖之祈福#
70,0,15:18:21:24:27:30:33:36:39:42,0,0,0,99,none,0,717,1,0,0,0,0,0,0,0,0,0,0,0,0,0,0,0,0,0,0	//PR_SANCTUARY#光耀之堂#
71,0,6:8:10:12,0,0,0,99,none,0,0,0,0,0,0,0,0,0,0,0,0,0,0,0,0,0,0,0,0,0	//PR_SLOWPOISON#緩毒術#
72,0,5,0,0,0,99,none,0,0,0,0,0,0,0,0,0,0,0,0,0,0,0,0,0,0,0,0,0	//PR_STRECOVERY#痊癒術#
73,0,20:20:20:25:25:25:30:30:30:35,0,0,0,99,none,0,0,0,0,0,0,0,0,0,0,0,0,0,0,0,0,0,0,0,0,0	//PR_KYRIE#霸邪之陣#
74,0,40,0,0,0,99,none,0,0,0,0,0,0,0,0,0,0,0,0,0,0,0,0,0,0,0,0,0	//PR_MAGNIFICAT#聖母之頌歌#
75,0,20,0,0,0,99,none,0,0,0,0,0,0,0,0,0,0,0,0,0,0,0,0,0,0,0,0,0	//PR_GLORIA#幸運之頌歌#
76,0,20:20:20:20:20:18:16:14:12:10,0,0,0,99,none,0,0,0,0,0,0,0,0,0,0,0,0,0,0,0,0,0,0,0,0,0	//PR_LEXDIVINA#沉默之術#
77,0,20,0,0,0,99,none,0,0,0,0,0,0,0,0,0,0,0,0,0,0,0,0,0,0,0,0,0	//PR_TURNUNDEAD#轉生術#
78,0,10,0,0,0,99,none,0,0,0,0,0,0,0,0,0,0,0,0,0,0,0,0,0,0,0,0,0	//PR_LEXAETERNA#天使之怒#
79,0,40:42:44:46:48:50:52:54:56:58,0,0,0,99,none,0,717,1,0,0,0,0,0,0,0,0,0,0,0,0,0,0,0,0,0,0	//PR_MAGNUS#十字驅魔攻擊#
80,0,75,0,0,0,99,none,0,717,1,0,0,0,0,0,0,0,0,0,0,0,0,0,0,0,0,0,0	//WZ_FIREPILLAR#火柱攻擊#
81,0,35:37:39:41:43:45:47:49:51:53,0,0,0,99,sight,0,0,0,0,0,0,0,0,0,0,0,0,0,0,0,0,0,0,0,0,0	//WZ_SIGHTRASHER#火之獵殺#

83,0,30:34:40:44:50:54:60:64:70:74,0,0,0,99,none,0,0,0,0,0,0,0,0,0,0,0,0,0,0,0,0,0,0,0,0,0	//WZ_METEOR#隕石術#
84,0,20:23:26:29:32:35:38:41:44:47,0,0,0,99,none,0,0,0,0,0,0,0,0,0,0,0,0,0,0,0,0,0,0,0,0,0	//WZ_JUPITEL#雷鳴術#
85,0,60:64:68:72:76:80:84:88:92:96,0,0,0,99,none,0,0,0,0,0,0,0,0,0,0,0,0,0,0,0,0,0,0,0,0,0	//WZ_VERMILION#怒雷強擊#
86,0,15:20:25:30:35,0,0,0,99,water,0,0,0,0,0,0,0,0,0,0,0,0,0,0,0,0,0,0,0,0,0	//WZ_WATERBALL#水球術#
87,0,20,0,0,0,99,none,0,0,0,0,0,0,0,0,0,0,0,0,0,0,0,0,0,0,0,0,0	//WZ_ICEWALL#冰刃之牆#
88,0,45:43:41:39:37:35:33:31:29:27,0,0,0,99,none,0,0,0,0,0,0,0,0,0,0,0,0,0,0,0,0,0,0,0,0,0	//WZ_FROSTNOVA#霜凍之術#
89,0,78,0,0,0,99,none,0,0,0,0,0,0,0,0,0,0,0,0,0,0,0,0,0,0,0,0,0	//WZ_STORMGUST#暴風雪#
90,0,12:14:16:18:20,0,0,0,99,none,0,0,0,0,0,0,0,0,0,0,0,0,0,0,0,0,0,0,0,0,0	//WZ_EARTHSPIKE#地震術#
91,0,28:32:36:40:44,0,0,0,99,none,0,0,0,0,0,0,0,0,0,0,0,0,0,0,0,0,0,0,0,0,0	//WZ_HEAVENDRIVE#崩裂術#
92,0,5:10:15:20:25,0,0,0,99,none,0,0,0,0,0,0,0,0,0,0,0,0,0,0,0,0,0,0,0,0,0	//WZ_QUAGMIRE#泥沼地#
93,0,10,0,0,0,99,none,0,0,0,0,0,0,0,0,0,0,0,0,0,0,0,0,0,0,0,0,0	//WZ_ESTIMATION#怪物情報#

108,0,30,0,0,0,99,none,0,0,0,0,0,0,0,0,0,0,0,0,0,0,0,0,0,0,0,0,0	//BS_REPAIRWEAPON#武器修理#

110,0,10,0,0,0,99,none,0,0,0,0,0,0,0,0,0,0,0,0,0,0,0,0,0,0,0,0,0	//BS_HAMMERFALL#大地之擊#
111,0,20:23:26:29:32,0,0,0,6:7:8:9,none,0,0,0,0,0,0,0,0,0,0,0,0,0,0,0,0,0,0,0,0,0	//BS_ADRENALINE#速度激發#
112,0,18:16:14:12:10,0,0,0,99,none,0,0,0,0,0,0,0,0,0,0,0,0,0,0,0,0,0,0,0,0,0	//BS_WEAPONPERFECT#無視體型攻擊#
113,0,18:16:14:12:10,0,0,0,99,none,0,0,0,0,0,0,0,0,0,0,0,0,0,0,0,0,0,0,0,0,0	//BS_OVERTHRUST#凶砍#
114,0,10,0,0,0,99,none,0,0,0,0,0,0,0,0,0,0,0,0,0,0,0,0,0,0,0,0,0	//BS_MAXIMIZE#武器值最大化#
115,0,10,0,0,0,99,none,0,1065,1,0,0,0,0,0,0,0,0,0,0,0,0,0,0,0,0,0,0	//HT_SKIDTRAP#滑動陷阱#
116,0,10,0,0,0,99,none,0,1065,1,0,0,0,0,0,0,0,0,0,0,0,0,0,0,0,0,0,0	//HT_LANDMINE#地雷陷阱#
117,0,12,0,0,0,99,none,0,1065,1,0,0,0,0,0,0,0,0,0,0,0,0,0,0,0,0,0,0	//HT_ANKLESNARE#定位陷阱#
118,0,45,0,0,0,99,none,0,1065,1,0,0,0,0,0,0,0,0,0,0,0,0,0,0,0,0,0,0	//HT_SHOCKWAVE#魔耗陷阱#
119,0,12,0,0,0,99,none,0,1065,1,0,0,0,0,0,0,0,0,0,0,0,0,0,0,0,0,0,0	//HT_SANDMAN#睡魔陷阱#
120,0,12,0,0,0,99,none,0,1065,1,0,0,0,0,0,0,0,0,0,0,0,0,0,0,0,0,0,0	//HT_FLASHER#強光陷阱#
121,0,10,0,0,0,99,none,0,1065,1,0,0,0,0,0,0,0,0,0,0,0,0,0,0,0,0,0,0	//HT_FREEZINGTRAP#霜凍陷阱#
122,0,10,0,0,0,99,none,0,1065,1,0,0,0,0,0,0,0,0,0,0,0,0,0,0,0,0,0,0	//HT_BLASTMINE#定時爆炸陷阱#
123,0,15,0,0,0,99,none,0,1065,2,0,0,0,0,0,0,0,0,0,0,0,0,0,0,0,0,0,0	//HT_CLAYMORETRAP#爆散陷阱#
124,0,5,0,0,0,99,none,0,0,0,0,0,0,0,0,0,0,0,0,0,0,0,0,0,0,0,0,0	//HT_REMOVETRAP#陷阱移除#
125,0,1,0,0,0,99,none,0,1065,1,0,0,0,0,0,0,0,0,0,0,0,0,0,0,0,0,0,0	//HT_TALKIEBOX#陷阱探查#

129,0,10:13:16:19:22,0,0,0,99,falcon,0,0,0,0,0,0,0,0,0,0,0,0,0,0,0,0,0,0,0,0,0	//HT_BLITZBEAT#閃電衝擊#
130,0,8,0,0,0,99,falcon,0,0,0,0,0,0,0,0,0,0,0,0,0,0,0,0,0,0,0,0,0	//HT_DETECTING#獵鷹尋敵#
131,0,10,0,0,0,99,falcon,0,0,0,0,0,0,0,0,0,0,0,0,0,0,0,0,0,0,0,0,0	//HT_SPRINGTRAP#爆破陷阱#

135,0,15,0,0,0,99,none,0,0,0,0,0,0,0,0,0,0,0,0,0,0,0,0,0,0,0,0,0	//AS_CLOAKING#偽裝#
136,0,16:18:20:22:24:26:28:30:32:34,0,0,0,16,none,0,0,0,0,0,0,0,0,0,0,0,0,0,0,0,0,0,0,0,0,0	//AS_SONICBLOW#音速投擲#
137,0,2,0,0,0,16,hiding,0,0,0,0,0,0,0,0,0,0,0,0,0,0,0,0,0,0,0,0,0	//AS_GRIMTOOTH#無影之牙#
138,0,20,0,0,0,99,none,0,0,0,0,0,0,0,0,0,0,0,0,0,0,0,0,0,0,0,0,0	//AS_ENCHANTPOISON#塗毒#
139,0,20:25:30:35:40:45:50:55:60:45,0,0,0,99,none,0,0,0,0,0,0,0,0,0,0,0,0,0,0,0,0,0,0,0,0,0	//AS_POISONREACT#毒性反彈#
140,0,20,0,0,0,99,none,0,716,1,0,0,0,0,0,0,0,0,0,0,0,0,0,0,0,0,0,0	//AS_VENOMDUST#病毒散撥#
141,0,12:14:16:18:20:22:24:26:28:30,0,0,0,99,none,0,716,1,0,0,0,0,0,0,0,0,0,0,0,0,0,0,0,0,0,0	//AS_SPLASHER#毒性感染#
142,0,3,0,0,0,99,none,0,0,0,0,0,0,0,0,0,0,0,0,0,0,0,0,0,0,0,0,0	//NV_FIRSTAID#緊急治療#
143,0,5,0,0,0,99,none,0,0,0,0,0,0,0,0,0,0,0,0,0,0,0,0,0,0,0,0,0	//NV_TRICKDEAD#裝死#

146,0,1,0,0,0,99,none,0,0,0,0,0,0,0,0,0,0,0,0,0,0,0,0,0,0,0,0,0	//SM_AUTOBERSERK#狂暴狀態#
147,0,10,0,0,0,99,recover_weight_rate,0,0,0,0,0,0,0,0,0,0,0,0,0,0,0,0,0,0,0,0,0	//AC_MAKINGARROW#製作箭#
148,0,15,0,0,0,99,none,0,0,0,0,0,0,0,0,0,0,0,0,0,0,0,0,0,0,0,0,0	//AC_CHARGEARROW#衝鋒箭#
149,0,9,0,0,0,99,none,0,0,0,0,0,0,0,0,0,0,0,0,0,0,0,0,0,0,0,0,0	//TF_SPRINKLESAND#噴砂#
150,0,7,0,0,0,99,none,0,0,0,0,0,0,0,0,0,0,0,0,0,0,0,0,0,0,0,0,0	//TF_BACKSLIDING#後退迴避#
151,0,3,0,0,0,99,recover_weight_rate,0,0,0,0,0,0,0,0,0,0,0,0,0,0,0,0,0,0,0,0,0	//TF_PICKSTONE#撿石頭#
152,0,2,0,0,0,99,none,0,7049,1,0,0,0,0,0,0,0,0,0,0,0,0,0,0,0,0,0,0	//TF_THROWSTONE#投擲石頭#
153,0,12,0,0,0,99,cart,0,0,0,0,0,0,0,0,0,0,0,0,0,0,0,0,0,0,0,0,0	//MC_CARTREVOLUTION#手推車攻擊#
154,0,40,0,0,0,99,cart,0,0,0,0,0,0,0,0,0,0,0,0,0,0,0,0,0,0,0,0,0	//MC_CHANGECART#改裝手推車#
155,0,8,0,0,0,99,none,0,0,0,0,0,0,0,0,0,0,0,0,0,0,0,0,0,0,0,0,0	//MC_LOUD#大聲吶喊#
156,0,15,0,0,0,99,none,0,0,0,0,0,0,0,0,0,0,0,0,0,0,0,0,0,0,0,0,0	//AL_HOLYLIGHT#神聖之光#
157,0,30,0,0,0,99,none,0,0,0,0,0,0,0,0,0,0,0,0,0,0,0,0,0,0,0,0,0	//MG_ENERGYCOAT#能量外套#

211,0,15,0,0,0,99,none,0,0,0,0,0,0,0,0,0,0,0,0,0,0,0,0,0,0,0,0,0	//RG_STEALCOIN#偷錢#
212,0,16,0,0,0,99,none,0,0,0,0,0,0,0,0,0,0,0,0,0,0,0,0,0,0,0,0,0	//RG_BACKSTAP#背刺#

214,0,25,0,0,0,99,hiding,0,0,0,0,0,0,0,0,0,0,0,0,0,0,0,0,0,0,0,0,0	//RG_RAID#潛擊#
215,0,17:19:21:23:25,0,0,0,99,none,0,0,0,0,0,0,0,0,0,0,0,0,0,0,0,0,0,0,0,0,0	//RG_STRIPWEAPON#卸除武器#
216,0,12:14:16:18:20,0,0,0,99,none,0,0,0,0,0,0,0,0,0,0,0,0,0,0,0,0,0,0,0,0,0	//RG_STRIPSHIELD#卸除盾牌#
217,0,17:19:21:23:25,0,0,0,99,none,0,0,0,0,0,0,0,0,0,0,0,0,0,0,0,0,0,0,0,0,0	//RG_STRIPARMOR#卸除鎧甲#
218,0,12:14:16:18:20,0,0,0,99,none,0,0,0,0,0,0,0,0,0,0,0,0,0,0,0,0,0,0,0,0,0	//RG_STRIPHELM#卸除頭盔#
219,0,13:16:19:22:25,0,0,0,99,none,0,0,0,0,0,0,0,0,0,0,0,0,0,0,0,0,0,0,0,0,0	//RG_INTIMIDATE#脅持#
220,0,15,0,0,0,99,none,0,716,1,0,0,0,0,0,0,0,0,0,0,0,0,0,0,0,0,0,0	//RG_GRAFFITI#塗鴉#
221,0,10,0,0,0,99,none,0,0,0,0,0,0,0,0,0,0,0,0,0,0,0,0,0,0,0,0,0	//RG_FLAGGRAFFITI#旗幟塗鴉#
222,0,5,0,0,0,99,none,0,0,0,0,0,0,0,0,0,0,0,0,0,0,0,0,0,0,0,0,0	//RG_CLEANER#清洗#

228,0,5,0,0,0,99,none,0,7134,1,0,0,0,0,0,0,0,0,0,0,0,0,0,0,0,0,0,0	//AM_PHARMACY#配藥#
229,0,10,0,0,0,99,none,0,7135,1,0,0,0,0,0,0,0,0,0,0,0,0,0,0,0,0,0,0	//AM_DEMONSTRATION#火煙瓶投擲#
230,0,15,0,0,0,99,none,0,7136,1,0,0,0,0,0,0,0,0,0,0,0,0,0,0,0,0,0,0	//AM_ACIDTERROR#強酸攻擊#
231,0,1,0,0,0,99,none,0,501,1,502,1,503,1,504,1,505,1,522,1,526,1,608,1,607,1,657,1	//AM_POTIONPITCHER#藥水投擲#
232,0,20,0,0,0,99,none,0,7137,1,0,0,0,0,0,0,0,0,0,0,0,0,0,0,0,0,0,0	//AM_CANNIBALIZE#生物調撥#
233,0,10,0,0,0,99,none,0,7138,1,0,0,0,0,0,0,0,0,0,0,0,0,0,0,0,0,0,0	//AM_SPHEREMINE#氣泡蟲召喚#
234,0,30,0,0,0,99,none,0,7139,1,0,0,0,0,0,0,0,0,0,0,0,0,0,0,0,0,0,0	//AM_CP_WEAPON#化學武器保護#
235,0,25,0,0,0,99,none,0,7139,1,0,0,0,0,0,0,0,0,0,0,0,0,0,0,0,0,0,0	//AM_CP_SHIELD#化學盾牌保護#
236,0,25,0,0,0,99,none,0,7139,1,0,0,0,0,0,0,0,0,0,0,0,0,0,0,0,0,0,0	//AM_CP_ARMOR#化學鎧甲保護#
237,0,25,0,0,0,99,none,0,7139,1,0,0,0,0,0,0,0,0,0,0,0,0,0,0,0,0,0,0	//AM_CP_HELM#化學頭盔保護#

243,0,10,0,0,0,99,none,0,0,0,0,0,0,0,0,0,0,0,0,0,0,0,0,0,0,0,0,0	//AM_CALLHOMUN#生命體召喚#
244,0,50,0,0,0,99,none,0,0,0,0,0,0,0,0,0,0,0,0,0,0,0,0,0,0,0,0,0	//AM_REST#安息#

247,0,74:68:62:56:50,0,0,0,99,none,0,0,0,0,0,0,0,0,0,0,0,0,0,0,0,0,0,0,0,0,0	//AM_RESURRECTHOMUN#復活生命體#

249,0,12:14:16:18:20:22:24:26:28:30,0,0,0,99,shield,0,0,0,0,0,0,0,0,0,0,0,0,0,0,0,0,0,0,0,0,0	//CR_AUTOGUARD#自動防禦#
250,0,10,0,0,0,99,shield,0,0,0,0,0,0,0,0,0,0,0,0,0,0,0,0,0,0,0,0,0	//CR_SHIELDCHARGE#盾擊#
251,0,12,0,0,0,99,shield,0,0,0,0,0,0,0,0,0,0,0,0,0,0,0,0,0,0,0,0,0	//CR_SHIELDBOOMERANG#迴旋盾擊#
252,0,35:40:45:50:55:60:65:70:75:80,0,0,0,99,shield,0,0,0,0,0,0,0,0,0,0,0,0,0,0,0,0,0,0,0,0,0	//CR_REFLECTSHIELD#反射盾#
253,0,11:12:13:14:15:16:17:18:19:20,0,0,0,0:1:2:3:4:5:6:7:8:9:10:12:13:14:15:16:17:18:19:20:21:22,none,0,0,0,0,0,0,0,0,0,0,0,0,0,0,0,0,0,0,0,0,0	//CR_HOLYCROSS#聖十字攻擊#
254,0,37:44:51:58:65:72:79:86:93:100,20,0,0,0:1:2:3:4:5:6:7:8:9:10:12:13:14:15:16:17:18:19:20:21:22,none,0,0,0,0,0,0,0,0,0,0,0,0,0,0,0,0,0,0,0,0,0	//CR_GRANDCROSS#聖十字審判#
255,0,25,0,0,0,99,none,0,0,0,0,0,0,0,0,0,0,0,0,0,0,0,0,0,0,0,0,0	//CR_DEVOTION#犧牲#
256,0,30,0,0,0,99,none,0,0,0,0,0,0,0,0,0,0,0,0,0,0,0,0,0,0,0,0,0	//CR_PROVIDENCE#神祐之光#
257,0,30,0,0,0,99,shield,0,0,0,0,0,0,0,0,0,0,0,0,0,0,0,0,0,0,0,0,0	//CR_DEFENDER#光之盾#
258,0,24:28:32:36:40:44:48:52:56:60,0,0,0,5,none,0,0,0,0,0,0,0,0,0,0,0,0,0,0,0,0,0,0,0,0,0	//CR_SPEARQUICKEN#長矛加速術#

261,0,8,0,0,0,99,none,0,0,0,0,0,0,0,0,0,0,0,0,0,0,0,0,0,0,0,0,0	//MO_CALLSPIRITS#蓄氣#
262,0,5,0,0,0,99,none,0,0,0,0,0,0,0,0,0,0,0,0,0,0,0,0,0,0,0,0,0	//MO_ABSORBSPIRITS#吸氣#

264,0,14,0,0,0,99,move_enable,1,0,0,0,0,0,0,0,0,0,0,0,0,0,0,0,0,0,0,0,0	//MO_BODYRELOCATION#弓身彈影#

266,0,10:14:17:19:20,0,0,0,0:1:2:3:4:5:6:7:8:9:10:12:13:14:15:16:17:18:19:20:21:22,none,1,0,0,0,0,0,0,0,0,0,0,0,0,0,0,0,0,0,0,0,0	//MO_INVESTIGATE#浸透勁#
267,0,10,0,0,0,0:1:2:3:4:5:6:7:8:9:10:12:13:14:15:16:17:18:19:20:21:22,none,1:2:3:4:5,0,0,0,0,0,0,0,0,0,0,0,0,0,0,0,0,0,0,0,0	//MO_FINGEROFFENSIVE#彈指神通#
268,0,200,0,0,0,99,none,5,0,0,0,0,0,0,0,0,0,0,0,0,0,0,0,0,0,0,0,0	//MO_STEELBODY#金剛不壞#
269,0,10,0,0,0,0:1:2:3:4:5:6:7:8:9:10:12:13:14:15:16:17:18:19:20:21:22,none,1,0,0,0,0,0,0,0,0,0,0,0,0,0,0,0,0,0,0,0,0	//MO_BLADESTOP#真劍百破道#
270,0,15,0,0,0,99,none,5,0,0,0,0,0,0,0,0,0,0,0,0,0,0,0,0,0,0,0,0	//MO_EXPLOSIONSPIRITS#爆氣#
271,0,1,0,0,0,0:1:2:3:4:5:6:7:8:9:10:12:13:14:15:16:17:18:19:20:21:22,explosionspirits,5,0,0,0,0,0,0,0,0,0,0,0,0,0,0,0,0,0,0,0,0	//MO_EXTREMITYFIST#阿修羅霸凰拳#
272,0,11:12:13:14:15,0,0,0,0:1:2:3:4:5:6:7:8:9:10:12:13:14:15:16:17:18:19:20:21:22,none,0,0,0,0,0,0,0,0,0,0,0,0,0,0,0,0,0,0,0,0,0	//MO_CHAINCOMBO#連環全身掌#
273,0,11:12:13:14:15,0,0,0,0:1:2:3:4:5:6:7:8:9:10:12:13:14:15:16:17:18:19:20:21:22,none,1,0,0,0,0,0,0,0,0,0,0,0,0,0,0,0,0,0,0,0,0	//MO_COMBOFINISH#猛龍誇強#

275,0,2,0,0,0,99,none,0,0,0,0,0,0,0,0,0,0,0,0,0,0,0,0,0,0,0,0,0	//SA_CASTCANCEL#取消施法#
276,0,2,0,0,0,99,none,0,0,0,0,0,0,0,0,0,0,0,0,0,0,0,0,0,0,0,0,0	//SA_MAGICROD#魔法懲罰#
277,0,10,0,0,0,99,none,0,0,0,0,0,0,0,0,0,0,0,0,0,0,0,0,0,0,0,0,0	//SA_SPELLBREAKER#念咒拆除#

279,0,35,0,0,0,99,none,0,0,0,0,0,0,0,0,0,0,0,0,0,0,0,0,0,0,0,0,0	//SA_AUTOSPELL#自動念咒#
280,0,40,0,0,0,99,none,0,990,1,0,0,0,0,0,0,0,0,0,0,0,0,0,0,0,0,0,0	//SA_FLAMELAUNCHER#火焰屬性附加#
281,0,40,0,0,0,99,none,0,991,1,0,0,0,0,0,0,0,0,0,0,0,0,0,0,0,0,0,0	//SA_FROSTWEAPON#水屬性附加#
282,0,40,0,0,0,99,none,0,992,1,0,0,0,0,0,0,0,0,0,0,0,0,0,0,0,0,0,0	//SA_LIGHTNINGLOADER#風屬性附加#
283,0,40,0,0,0,99,none,0,993,1,0,0,0,0,0,0,0,0,0,0,0,0,0,0,0,0,0,0	//SA_SEISMICWEAPON#地屬性附加#

285,0,48:46:44:42:40,0,0,0,99,none,0,715,1,0,0,0,0,0,0,0,0,0,0,0,0,0,0,0,0,0,0	//SA_VOLCANO#火元素領域#
286,0,48:46:44:42:40,0,0,0,99,none,0,715,1,0,0,0,0,0,0,0,0,0,0,0,0,0,0,0,0,0,0	//SA_DELUGE#水元素領域#
287,0,48:46:44:42:40,0,0,0,99,none,0,715,1,0,0,0,0,0,0,0,0,0,0,0,0,0,0,0,0,0,0	//SA_VIOLENTGALE#風元素領域#
288,0,66:62:58:54:50,0,0,0,99,none,0,717,1,715,1,0,0,0,0,0,0,0,0,0,0,0,0,0,0,0,0	//SA_LANDPROTECTOR#地元素領域#
289,0,1,0,0,0,99,none,0,715,1,0,0,0,0,0,0,0,0,0,0,0,0,0,0,0,0,0,0	//SA_DISPELL#魔法效果解除#
290,0,50,0,0,0,99,none,0,715,2,0,0,0,0,0,0,0,0,0,0,0,0,0,0,0,0,0,0	//SA_ABRACADABRA#隨機技能#
291,0,1,0,0,0,99,none,0,0,0,0,0,0,0,0,0,0,0,0,0,0,0,0,0,0,0,0,0	//SA_MONOCELL#變換成波利#
292,0,1,0,0,0,99,none,0,0,0,0,0,0,0,0,0,0,0,0,0,0,0,0,0,0,0,0,0	//SA_CLASSCHANGE#變換成Boss級魔物#
293,0,1,0,0,0,99,none,0,0,0,0,0,0,0,0,0,0,0,0,0,0,0,0,0,0,0,0,0	//SA_SUMMONMONSTER#召喚魔物#
294,0,1,0,0,0,99,none,0,0,0,0,0,0,0,0,0,0,0,0,0,0,0,0,0,0,0,0,0	//SA_REVERSEORCISH#變成獸人面孔#
295,0,1,0,0,0,99,none,0,0,0,0,0,0,0,0,0,0,0,0,0,0,0,0,0,0,0,0,0	//SA_DEATH#死身#
296,0,1,0,0,0,99,none,0,0,0,0,0,0,0,0,0,0,0,0,0,0,0,0,0,0,0,0,0	//SA_FORTUNE#宿命#
297,0,1,0,0,0,99,none,0,0,0,0,0,0,0,0,0,0,0,0,0,0,0,0,0,0,0,0,0	//SA_TAMINGMONSTER#認養寵物#
298,0,1,0,0,0,99,none,0,0,0,0,0,0,0,0,0,0,0,0,0,0,0,0,0,0,0,0,0	//SA_QUESTION#問號#
299,0,1,0,0,0,99,none,0,0,0,0,0,0,0,0,0,0,0,0,0,0,0,0,0,0,0,0,0	//SA_GRAVITY#GRAVITY#
300,0,1,0,0,0,99,none,0,0,0,0,0,0,0,0,0,0,0,0,0,0,0,0,0,0,0,0,0	//SA_LEVELUP#升級#
301,0,1,0,0,0,99,none,0,0,0,0,0,0,0,0,0,0,0,0,0,0,0,0,0,0,0,0,0	//SA_INSTANTDEATH#當場死亡#
302,0,1,0,0,0,99,none,0,0,0,0,0,0,0,0,0,0,0,0,0,0,0,0,0,0,0,0,0	//SA_FULLRECOVERY#完全恢復#
303,0,1,0,0,0,99,none,0,0,0,0,0,0,0,0,0,0,0,0,0,0,0,0,0,0,0,0,0	//SA_COMA#頻死之術#

304,0,1,0,0,0,99,none,0,0,0,0,0,0,0,0,0,0,0,0,0,0,0,0,0,0,0,0,0	//BD_ADAPTATION#臨機應變#
305,0,1,0,0,0,13:14,none,0,0,0,0,0,0,0,0,0,0,0,0,0,0,0,0,0,0,0,0,0	//BD_ENCORE#安可#
306,0,20,0,0,0,13:14,none,0,0,0,0,0,0,0,0,0,0,0,0,0,0,0,0,0,0,0,0,0	//BD_LULLABY#搖籃曲#
307,0,20,0,0,0,13:14,none,0,0,0,0,0,0,0,0,0,0,0,0,0,0,0,0,0,0,0,0,0	//BD_RICHMANKIM#經驗值倍增#
308,0,30,0,0,0,13:14,none,0,0,0,0,0,0,0,0,0,0,0,0,0,0,0,0,0,0,0,0,0	//BD_ETERNALCHAOS#永遠的混沌#
309,0,40:45:50:55:60,0,0,0,13:14,none,0,0,0,0,0,0,0,0,0,0,0,0,0,0,0,0,0,0,0,0,0	//BD_DRUMBATTLEFIELD#戰鼓震天#
310,0,40:45:50:55:60,0,0,0,13:14,none,0,0,0,0,0,0,0,0,0,0,0,0,0,0,0,0,0,0,0,0,0	//BD_RINGNIBELUNGEN#尼貝隆根之戒指#
311,0,15,0,0,0,13:14,none,0,0,0,0,0,0,0,0,0,0,0,0,0,0,0,0,0,0,0,0,0	//BD_ROKISWEIL#洛奇的悲鳴#
312,0,10,0,0,0,13:14,none,0,0,0,0,0,0,0,0,0,0,0,0,0,0,0,0,0,0,0,0,0	//BD_INTOABYSS#觸媒之所#
313,0,20,0,0,0,13:14,none,0,0,0,0,0,0,0,0,0,0,0,0,0,0,0,0,0,0,0,0,0	//BD_SIEGFRIED#不死神齊格弗里德#

316,0,1:3:5:7:9,0,0,0,13,none,0,0,0,0,0,0,0,0,0,0,0,0,0,0,0,0,0,0,0,0,0	//BA_MUSICALSTRIKE#樂器攻擊#
317,0,18:21:24:27:30,0,0,0,13,none,0,0,0,0,0,0,0,0,0,0,0,0,0,0,0,0,0,0,0,0,0	//BA_DISSONANCE#不諧和音#
318,0,12:14:16:18:20,0,0,0,99,none,0,0,0,0,0,0,0,0,0,0,0,0,0,0,0,0,0,0,0,0,0	//BA_FROSTJOKE#冷笑話#
319,0,24:28:32:36:40:44:48:52:56:60,0,0,0,13:14,none,0,0,0,0,0,0,0,0,0,0,0,0,0,0,0,0,0,0,0,0,0	//BA_WHISTLE#吹口哨#
320,0,38:41:44:47:50:53:56:59:62:65,0,0,0,13:14,none,0,0,0,0,0,0,0,0,0,0,0,0,0,0,0,0,0,0,0,0,0	//BA_ASSASSINCROSS#刺客的黃昏#
321,0,40:45:50:55:60:65:70:75:80:85,0,0,0,13:14,none,0,0,0,0,0,0,0,0,0,0,0,0,0,0,0,0,0,0,0,0,0	//BA_POEMBRAGI#布萊奇之詩#
322,0,40:45:50:55:60:65:70:75:80:85,0,0,0,13:14,none,0,0,0,0,0,0,0,0,0,0,0,0,0,0,0,0,0,0,0,0,0	//BA_APPLEIDUN#伊登的蘋果#

324,0,1:3:5:7:9,0,0,0,14,none,0,0,0,0,0,0,0,0,0,0,0,0,0,0,0,0,0,0,0,0,0	//DC_THROWARROW#纏箭投擲#
325,0,23:26:29:32:35,0,0,0,14,none,0,0,0,0,0,0,0,0,0,0,0,0,0,0,0,0,0,0,0,0,0	//DC_UGLYDANCE#醜陋之舞#
326,0,12:14:16:18:20,0,0,0,99,none,0,0,0,0,0,0,0,0,0,0,0,0,0,0,0,0,0,0,0,0,0	//DC_SCREAM#驚聲尖叫#
327,0,22:24:26:28:30:32:34:36:38:40,0,0,0,13:14,none,0,0,0,0,0,0,0,0,0,0,0,0,0,0,0,0,0,0,0,0,0	//DC_HUMMING#哼唱之音#
328,0,28:31:34:37:40:43:46:49:52:55,0,0,0,13:14,none,0,0,0,0,0,0,0,0,0,0,0,0,0,0,0,0,0,0,0,0,0	//DC_DONTFORGETME#勿忘我#
329,0,43:46:49:52:55:58:61:64:67:70,0,0,0,13:14,none,0,0,0,0,0,0,0,0,0,0,0,0,0,0,0,0,0,0,0,0,0	//DC_FORTUNEKISS#女神之吻#
330,0,40:45:50:55:60:65:70:75:80:85,0,0,0,13:14,none,0,0,0,0,0,0,0,0,0,0,0,0,0,0,0,0,0,0,0,0,0	//DC_SERVICEFORYOU#為您服務#

334,0,1,-10,0,0,99,none,0,0,0,0,0,0,0,0,0,0,0,0,0,0,0,0,0,0,0,0,0	//WE_MALE#只呵護妳#
335,0,1,0,-10,0,99,none,0,0,0,0,0,0,0,0,0,0,0,0,0,0,0,0,0,0,0,0,0	//WE_FEMALE#只為你犧牲#
336,0,1,0,0,0,99,none,0,0,0,0,0,0,0,0,0,0,0,0,0,0,0,0,0,0,0,0,0	//WE_CALLPARTNER#想念你#
337,0,5,0,0,0,99,none,0,0,0,0,0,0,0,0,0,0,0,0,0,0,0,0,0,0,0,0,0	//ITM_TOMAHAWK#投擲風靈之斧#

355,0,18:26:34:42:50,0,0,0,1:2:3:4:5:6:7:8:9:10:11:12:13:14:15:16:17:18:19:20:21:22,none,0,0,0,0,0,0,0,0,0,0,0,0,0,0,0,0,0,0,0,0,0	//LK_AURABLADE#靈氣劍#
356,0,50,0,0,0,3,none,0,0,0,0,0,0,0,0,0,0,0,0,0,0,0,0,0,0,0,0,0	//LK_PARRYING#雙劍挌擋#
357,0,14:18:22:26:30,0,0,0,4:99,none,0,0,0,0,0,0,0,0,0,0,0,0,0,0,0,0,0,0,0,0,0	//LK_CONCENTRATION#集中攻擊#
358,0,15,0,0,0,99,none,0,0,0,0,0,0,0,0,0,0,0,0,0,0,0,0,0,0,0,0,0	//LK_TENSIONRELAX#極速回復#
359,0,200,0,0,0,99,none,0,0,0,0,0,0,0,0,0,0,0,0,0,0,0,0,0,0,0,0,0	//LK_BERSERK#狂怒之槍#
360,0,50,0,0,0,3,none,0,0,0,0,0,0,0,0,0,0,0,0,0,0,0,0,0,0,0,0,0	//LK_FURY#Fury#
361,0,20:25:30:35:40,0,0,0,99,none,0,0,0,0,0,0,0,0,0,0,0,0,0,0,0,0,0,0,0,0,0	//HP_ASSUMPTIO#聖母之祈福#
362,0,80:90:100:110:120,0,0,0,99,none,0,715,1,716,1,717,1,523,1,0,0,0,0,0,0,0,0,0,0,0,0	//HP_BASILICA#神聖殿堂#

365,0,8,0,0,0,99,none,0,0,0,0,0,0,0,0,0,0,0,0,0,0,0,0,0,0,0,0,0	//HW_MAGICCRASHER#魔擊術#
366,0,14:18:22:26:30:34:38:42:46:50,0,0,0,99,none,0,0,0,0,0,0,0,0,0,0,0,0,0,0,0,0,0,0,0,0,0	//HW_MAGICPOWER#魔力增幅#
367,0,30:35:40:45:50,0,0,0,99,none,0,0,0,0,0,0,0,0,0,0,0,0,0,0,0,0,0,0,0,0,0	//PA_PRESSURE#神之威壓#
368,0,100,0,0,0,99,none,0,0,0,0,0,0,0,0,0,0,0,0,0,0,0,0,0,0,0,0,0	//PA_SACRIFICE#捨命攻擊#
369,0,80:80:80:80:80:100:100:100:100:100,0,0,0,99,none,0,0,0,0,0,0,0,0,0,0,0,0,0,0,0,0,0,0,0,0,0	//PA_GOSPEL#聖音#
370,0,2:4:6:8:10,0,0,0,99,explosionspirits,0,0,0,0,0,0,0,0,0,0,0,0,0,0,0,0,0,0,0,0,0	//CH_PALMSTRIKE#猛虎硬爬山#
371,0,4:6:8:10:12,0,0,0,99,none,1,0,0,0,0,0,0,0,0,0,0,0,0,0,0,0,0,0,0,0,0	//CH_TIGERFIST#伏虎拳#
372,0,12:14:16:18:20:22:24:26:28:30,0,0,0,99,none,2,0,0,0,0,0,0,0,0,0,0,0,0,0,0,0,0,0,0,0,0	//CH_CHAINCRUSH#氣絕崩擊#
373,0,1:2:3:4:5,0,0,0,99,none,0,0,0,0,0,0,0,0,0,0,0,0,0,0,0,0,0,0,0,0,0	//PF_HPCONVERSION#HP轉換#
374,0,12:15:18:21:24,0,0,0,99,none,0,0,0,0,0,0,0,0,0,0,0,0,0,0,0,0,0,0,0,0,0	//PF_SOULCHANGE#心神互換#
375,0,80:90:100:110:120,0,0,0,99,none,0,0,0,0,0,0,0,0,0,0,0,0,0,0,0,0,0,0,0,0,0	//PF_SOULBURN#精神耗弱術#
378,0,60:70:80:90:100,0,0,0,99,none,0,678,1,0,0,0,0,0,0,0,0,0,0,0,0,0,0,0,0,0,0	//ASC_EDP#致命塗毒#
379,0,20:20:20:20:20:30:30:30:30:30,0,0,0,99,weapon,0,0,0,0,0,0,0,0,0,0,0,0,0,0,0,0,0,0,0,0,0	//ASC_BREAKER#心靈震波#
380,0,20:20:25:25:30:30:35:35:40:40,0,0,0,99,none,0,0,0,0,0,0,0,0,0,0,0,0,0,0,0,0,0,0,0,0,0	//SN_SIGHT#狙殺瞄準#
381,0,30:34:38:42:46,0,0,0,99,falcon,0,0,0,0,0,0,0,0,0,0,0,0,0,0,0,0,0,0,0,0,0	//SN_FALCONASSAULT#獵鷹突擊#
382,0,18:21:24:27:30,0,0,0,11,none,0,0,0,0,0,0,0,0,0,0,0,0,0,0,0,0,0,0,0,0,0	//SN_SHARPSHOOTING#銳利射擊#
383,0,46:52:58:64:70:76:82:88:94:100,0,0,0,99,none,0,0,0,0,0,0,0,0,0,0,0,0,0,0,0,0,0,0,0,0,0	//SN_WINDWALK#風之步#
384,0,50:50:60:60:70:70:80:80:90:90,0,0,0,99,none,0,0,0,0,0,0,0,0,0,0,0,0,0,0,0,0,0,0,0,0,0	//WS_MELTDOWN#野蠻凶砍#
385,0,5,0,0,0,99,none,0,0,0,0,0,0,0,0,0,0,0,0,0,0,0,0,0,0,0,0,0	//WS_CREATECOIN#金錢鑄造#
386,0,5,0,0,0,99,none,0,0,0,0,0,0,0,0,0,0,0,0,0,0,0,0,0,0,0,0,0	//WS_CREATENUGGET#金屬塊製造#
387,0,20,0,0,0,99,cart,0,0,0,0,0,0,0,0,0,0,0,0,0,0,0,0,0,0,0,0,0	//WS_CARTBOOST#手推車加速#
388,0,20,0,0,0,99,none,0,7137,1,0,0,0,0,0,0,0,0,0,0,0,0,0,0,0,0,0,0	//WS_SYSTEMCREATE#攻擊塔製作#
389,0,10,0,0,0,99,none,0,0,0,0,0,0,0,0,0,0,0,0,0,0,0,0,0,0,0,0,0	//ST_CHASEWALK#暗影追蹤#
390,0,10:15:20:25:30,0,0,0,99,none,0,0,0,0,0,0,0,0,0,0,0,0,0,0,0,0,0,0,0,0,0	//ST_REJECTSWORD#霸王魂#

394,0,12:14:16:18:20:22:24:26:28:30,0,0,0,13:14,none,0,0,0,0,0,0,0,0,0,0,0,0,0,0,0,0,0,0,0,0,0	//CG_ARROWVULCAN#奧義箭亂舞#
395,0,30:40:50:60:70,0,0,0,13:14,none,0,0,0,0,0,0,0,0,0,0,0,0,0,0,0,0,0,0,0,0,0	//CG_MOONLIT#落花伴著月光下的水車小屋#
396,0,1,0,0,0,99,none,0,0,0,0,0,0,0,0,0,0,0,0,0,0,0,0,0,0,0,0,0	//CG_MARIONETTE#傀儡師的把戲#
397,0,18:21:24:27:30,0,0,0,4:5,none,0,0,0,0,0,0,0,0,0,0,0,0,0,0,0,0,0,0,0,0,0	//LK_SPIRALPIERCE#螺旋擊刺#
398,0,23,0,0,0,99,none,0,0,0,0,0,0,0,0,0,0,0,0,0,0,0,0,0,0,0,0,0	//LK_HEADCRUSH#傷害增壓#
399,0,12:12:14:14:16:16:18:18:20:20,0,0,0,4:5,none,0,0,0,0,0,0,0,0,0,0,0,0,0,0,0,0,0,0,0,0,0	//LK_JOINTBEAT#巧打#
400,0,10:25:40:55:70,0,0,0,99,none,0,0,0,0,0,0,0,0,0,0,0,0,0,0,0,0,0,0,0,0,0	//HW_NAPALMVULCAN#念力連擊#
401,0,20,0,0,0,99,none,0,0,0,0,0,0,0,0,0,0,0,0,0,0,0,0,0,0,0,0,0	//CH_SOULCOLLECT#狂蓄氣#
402,0,12:15:18:21:24,0,0,0,99,none,0,0,0,0,0,0,0,0,0,0,0,0,0,0,0,0,0,0,0,0,0	//PF_MINDBREAKER#精神撼動#
403,0,1,0,0,0,99,none,0,0,0,0,0,0,0,0,0,0,0,0,0,0,0,0,0,0,0,0,0	//PF_MEMORIZE#速讀術#
404,0,15,0,0,0,99,none,0,0,0,0,0,0,0,0,0,0,0,0,0,0,0,0,0,0,0,0,0	//PF_FOGWALL#薄霧牆#
405,0,12,0,0,0,99,none,0,1025,1,0,0,0,0,0,0,0,0,0,0,0,0,0,0,0,0,0,0	//PF_SPIDERWEB#易燃之網#
406,0,10:12:14:16:18:20:22:24:26:28,0,0,0,99,none,0,0,0,0,0,0,0,0,0,0,0,0,0,0,0,0,0,0,0,0,0	//ASC_METEORASSAULT#黑暗瞬間#
407,0,2,0,0,0,99,recover_weight_rate,0,0,0,0,0,0,0,0,0,0,0,0,0,0,0,0,0,0,0,0,0	//ASC_CDP#毒液製作#
408,0,-10,0,0,0,99,none,0,0,0,0,0,0,0,0,0,0,0,0,0,0,0,0,0,0,0,0,0	//WE_BABY#爸媽我愛您#
409,0,0,0,0,0,99,none,0,0,0,0,0,0,0,0,0,0,0,0,0,0,0,0,0,0,0,0,0	//WE_CALLPARENT#爸媽我想念您#
410,0,0,0,0,0,99,none,0,0,0,0,0,0,0,0,0,0,0,0,0,0,0,0,0,0,0,0,0	//WE_CALLBABY#寶貝請來這裡#

411,0,100:90:80:70:60:50:40:30:20:10,0,0,0,99,none,0,0,0,0,0,0,0,0,0,0,0,0,0,0,0,0,0,0,0,0,0	//TK_RUN#跑步#
412,0,1,0,0,0,99,none,0,0,0,0,0,0,0,0,0,0,0,0,0,0,0,0,0,0,0,0,0	//TK_READYSTORM#迴旋準備#
413,0,14:12:10:8:6:4:2,0,0,0,99,none,0,0,0,0,0,0,0,0,0,0,0,0,0,0,0,0,0,0,0,0,0	//TK_STORMKICK#迴旋踢#
414,0,1,0,0,0,99,none,0,0,0,0,0,0,0,0,0,0,0,0,0,0,0,0,0,0,0,0,0	//TK_READYDOWN#砸踢準備#
415,0,14:12:10:8:6:4:2,0,0,0,99,none,0,0,0,0,0,0,0,0,0,0,0,0,0,0,0,0,0,0,0,0,0	//TK_DOWNKICK#砸踢#
416,0,1,0,0,0,99,none,0,0,0,0,0,0,0,0,0,0,0,0,0,0,0,0,0,0,0,0,0	//TK_TURNKICK#踢準備#
417,0,14:12:10:8:6:4:2,0,0,0,99,none,0,0,0,0,0,0,0,0,0,0,0,0,0,0,0,0,0,0,0,0,0	//TK_TURNKICK#轉身踢#
418,0,1,0,0,0,99,none,0,0,0,0,0,0,0,0,0,0,0,0,0,0,0,0,0,0,0,0,0	//TK_READYSTORM#還擊準備#
419,0,14:12:10:8:6:4:2,0,0,0,99,none,0,0,0,0,0,0,0,0,0,0,0,0,0,0,0,0,0,0,0,0,0	//TK_COUNTER#還擊踢#
420,0,1,0,0,0,99,none,0,0,0,0,0,0,0,0,0,0,0,0,0,0,0,0,0,0,0,0,0	//TK_DODGE#落法#
421,0,70:60:50:40:30:20:10,0,0,0,99,none,0,0,0,0,0,0,0,0,0,0,0,0,0,0,0,0,0,0,0,0,0	//TK_JUMPKICK#飛腳踢#
425,0,20:20:20:20:50:50:50,0,0,0,99,none,0,0,0,0,0,0,0,0,0,0,0,0,0,0,0,0,0,0,0,0,0	//TK_SEVENWIND#溫暖的風#
426,0,10:15:20:25:30,0,0,0,99,none,0,0,0,0,0,0,0,0,0,0,0,0,0,0,0,0,0,0,0,0,0	//TK_HIGHJUMP#跳高#
427,0,1,0,0,0,99,none,0,0,0,0,0,0,0,0,0,0,0,0,0,0,0,0,0,0,0,0,0	//SG_SUN_WARM#太陽和月亮和星星的感覺#
428,0,20,0,0,0,99,none,0,0,0,0,0,0,0,0,0,0,0,0,0,0,0,0,0,0,0,0,0	//SG_SUN_WARM#太陽的溫暖#
429,0,20,0,0,0,99,none,0,0,0,0,0,0,0,0,0,0,0,0,0,0,0,0,0,0,0,0,0	//SG_MOON_WARM#月亮的溫暖#
430,0,10,0,0,0,99,none,0,0,0,0,0,0,0,0,0,0,0,0,0,0,0,0,0,0,0,0,0	//SG_STAR_WARM#星星的溫暖#
431,0,70:60:50:40,0,0,0,99,none,0,0,0,0,0,0,0,0,0,0,0,0,0,0,0,0,0,0,0,0,0	//SG_SUN_COMFORT#太陽的平安感#
432,0,70:60:50:40,0,0,0,99,none,0,0,0,0,0,0,0,0,0,0,0,0,0,0,0,0,0,0,0,0,0	//SG_MOON_COMFORT#月亮的平安感#
433,0,70:60:50:40,0,0,0,99,none,0,0,0,0,0,0,0,0,0,0,0,0,0,0,0,0,0,0,0,0,0	//SG_STAR_COMFORT#星星的平安感#
434,0,1,0,0,0,99,none,0,0,0,0,0,0,0,0,0,0,0,0,0,0,0,0,0,0,0,0,0	//SG_HATE#太陽和月亮和星星的憎惡#
444,0,1,0,0,0,99,none,0,0,0,0,0,0,0,0,0,0,0,0,0,0,0,0,0,0,0,0,0	//SG_FUSION#太陽和月亮和星星的融合#
445,0,460:360:260:160:60,0,0,0,99,none,0,0,0,0,0,0,0,0,0,0,0,0,0,0,0,0,0,0,0,0,0	//SL_ALCHEMIST#鍊金術師的靈魂#
446,0,30,0,0,0,99,none,0,657,2,0,0,0,0,0,0,0,0,0,0,0,0,0,0,0,0,0,0 //AM_BERSERKPITCHER#菠色克投擲#
447,0,460:360:260:160:60,0,0,0,99,none,0,0,0,0,0,0,0,0,0,0,0,0,0,0,0,0,0,0,0,0,0	//SL_MONK#武道家的靈魂#
448,0,460:360:260:160:60,0,0,0,99,none,0,0,0,0,0,0,0,0,0,0,0,0,0,0,0,0,0,0,0,0,0	//SL_STAR#拳聖的靈魂#
449,0,460:360:260:160:60,0,0,0,99,none,0,0,0,0,0,0,0,0,0,0,0,0,0,0,0,0,0,0,0,0,0	//SL_SAGE#賢者的靈魂#
450,0,460:360:260:160:60,0,0,0,99,none,0,0,0,0,0,0,0,0,0,0,0,0,0,0,0,0,0,0,0,0,0	//SL_CRUSADER#十字軍的靈魂#
451,0,460:360:260:160:60,0,0,0,99,none,0,0,0,0,0,0,0,0,0,0,0,0,0,0,0,0,0,0,0,0,0	//SL_SUPERNOVICE#超級初學者的靈魂#
452,0,460:360:260:160:60,0,0,0,99,none,0,0,0,0,0,0,0,0,0,0,0,0,0,0,0,0,0,0,0,0,0	//SL_KNIGHT#騎士的靈魂#
453,0,460:360:260:160:60,0,0,0,99,none,0,0,0,0,0,0,0,0,0,0,0,0,0,0,0,0,0,0,0,0,0	//SL_WIZARD#巫師的靈魂#
454,0,460:360:260:160:60,0,0,0,99,none,0,0,0,0,0,0,0,0,0,0,0,0,0,0,0,0,0,0,0,0,0	//SL_PRIEST#祭司的靈魂#
455,0,460:360:260:160:60,0,0,0,99,none,0,0,0,0,0,0,0,0,0,0,0,0,0,0,0,0,0,0,0,0,0	//SL_BARDDANCER#吟遊詩人和舞孃的靈魂#
456,0,460:360:260:160:60,0,0,0,99,none,0,0,0,0,0,0,0,0,0,0,0,0,0,0,0,0,0,0,0,0,0	//SL_ROGUE#流氓的靈魂#
457,0,460:360:260:160:60,0,0,0,99,none,0,0,0,0,0,0,0,0,0,0,0,0,0,0,0,0,0,0,0,0,0	//SL_ASSASIN#刺客的靈魂#
458,0,460:360:260:160:60,0,0,0,99,none,0,0,0,0,0,0,0,0,0,0,0,0,0,0,0,0,0,0,0,0,0	//SL_BLACKSMITH#鐵匠的靈魂#
459,0,64,0,0,0,1:2:3:4:5:6:7:8:9:10:12:13:14:15:16:17:18:19:20:21:22,none,0,0,0,0,0,0,0,0,0,0,0,0,0,0,0,0,0,0,0,0,0 //BS_ADRENALINE2#所有速度激發#
460,0,460:360:260:160:60,0,0,0,99,none,0,0,0,0,0,0,0,0,0,0,0,0,0,0,0,0,0,0,0,0,0	//SL_HUNTER#獵人的靈魂#
461,0,460:360:260:160:60,0,0,0,99,none,0,0,0,0,0,0,0,0,0,0,0,0,0,0,0,0,0,0,0,0,0	//SL_SOULLINKER#悟靈士的靈魂#
462,0,120:110:100:90:80:70:60,0,0,0,99,none,0,0,0,0,0,0,0,0,0,0,0,0,0,0,0,0,0,0,0,0,0	//SL_KAIZEL#凱易哲#
463,0,30,0,0,0,99,none,0,0,0,0,0,0,0,0,0,0,0,0,0,0,0,0,0,0,0,0,0	//SL_KAAHI#凱阿希#
464,0,20:30:40,0,0,0,99,none,0,0,0,0,0,0,0,0,0,0,0,0,0,0,0,0,0,0,0,0,0	//SL_KAUPE#凱誣僕#
465,0,70,0,0,0,99,none,0,0,0,0,0,0,0,0,0,0,0,0,0,0,0,0,0,0,0,0,0	//SL_KAITE#凱易特#
467,0,18:20:22:24:26:28:30,0,0,0,99,none,0,0,0,0,0,0,0,0,0,0,0,0,0,0,0,0,0,0,0,0,0	//SL_STIN#艾斯提#
468,0,18:20:22:24:26:28:30,0,0,0,99,none,0,0,0,0,0,0,0,0,0,0,0,0,0,0,0,0,0,0,0,0,0	//SL_STUN#艾斯敦#
469,0,10:20:30:70:50:60:70:80:80:80,0,0,0,99,none,0,0,0,0,0,0,0,0,0,0,0,0,0,0,0,0,0,0,0,0,0	//SL_SMA#艾斯麻#
470,0,75:65:55:45:35:25:15,0,0,0,99,none,0,0,0,0,0,0,0,0,0,0,0,0,0,0,0,0,0,0,0,0,0	//SL_SWOO#艾斯誣#
471,0,55:35:15,0,0,0,99,none,0,0,0,0,0,0,0,0,0,0,0,0,0,0,0,0,0,0,0,0,0	//SL_SKE#艾斯克#
472,0,100:80:60,0,0,0,99,none,0,0,0,0,0,0,0,0,0,0,0,0,0,0,0,0,0,0,0,0,0	//SL_SKA#艾斯卡#

475,0,30,0,0,0,99,none,0,0,0,0,0,0,0,0,0,0,0,0,0,0,0,0,0,0,0,0,0	//ST_PRESERVE#自由保護#
476,0,22:24:26:28:30,0,0,0,99,none,0,0,0,0,0,0,0,0,0,0,0,0,0,0,0,0,0,0,0,0,0	//ST_FULLSTRIP#所有卸除#
477,0,30,0,0,0,99,none,0,0,0,0,0,0,0,0,0,0,0,0,0,0,0,0,0,0,0,0,0	//WS_WEAPONREFINE#武器精練#	
478,0,30,0,0,0,99,none,0,545,1,545,1,545,1,545,1,545,1,546,1,546,1,546,1,546,1,547,1	//CR_SLIMPITCHER#纖細藥水投擲#
479,0,40,0,0,0,99,none,0,7139,1,0,0,0,0,0,0,0,0,0,0,0,0,0,0,0,0,0,0	//CR_FULLPROTECTION#所有化學武器保護#
480,0,28:31:34:37:40,0,0,0,99,shield,0,0,0,0,0,0,0,0,0,0,0,0,0,0,0,0,0,0,0,0,0	//PA_SHIELDCHAIN#連續盾擊#
482,0,40:45:50:55:60,0,0,0,99,none,0,0,0,0,0,0,0,0,0,0,0,0,0,0,0,0,0,0,0,0,0	//PF_DOUBLECASTING#雙倍投擲#
483,0,40,0,0,0,99,none,0,715,1,717,1,0,0,0,0,0,0,0,0,0,0,0,0,0,0,0,0	//HW_GANBANTEIN#咖般塔音#
484,0,20:40:60:80:100,0,0,0,99,none,0,717,1,0,0,0,0,0,0,0,0,0,0,0,0,0,0,0,0,0,0	//HW_GRAVITATION#重力原野#
485,0,15,0,0,600:700:800:900:1000:1100:1200:1300:1400:1500,99,none,0,0,0,0,0,0,0,0,0,0,0,0,0,0,0,0,0,0,0,0,0	//WS_CARTTERMINATION#手推車終結技#
486,0,15,0,0,3000:3500:4000:4500:5000,99,none,0,0,0,0,0,0,0,0,0,0,0,0,0,0,0,0,0,0,0,0,0	//WS_OVERTHRUSTMAX#凶砍最大值#
487,0,15,0,0,0,13:14,none,0,0,0,0,0,0,0,0,0,0,0,0,0,0,0,0,0,0,0,0,0	//CG_LONGINGFREEDOM	#不要拘束我#
488,0,20:30:40:50:60,0,0,0,13:14,none,0,0,0,0,0,0,0,0,0,0,0,0,0,0,0,0,0,0,0,0,0	//CG_HERMODE#海羅默德的手杖#
489,0,40,0,0,0,99,none,0,0,0,0,0,0,0,0,0,0,0,0,0,0,0,0,0,0,0,0,0	//CG_TAROTCARD#命運的塔羅牌#
490,0,30,0,0,0,99,none,0,7135,1,7136,1,0,0,0,0,0,0,0,0,0,0,0,0,0,0,0,0	//CR_ACIDDEMONSTRATION#強酸火煙瓶投擲#
491,0,10,0,0,0,99,none,0,921,1,905,1,0,0,0,0,0,0,0,0,0,0,0,0,0,0,0,0	//CR_CULTIVATION#植物栽培#

493,0,10,0,0,0,99,none,0,0,0,0,0,0,0,0,0,0,0,0,0,0,0,0,0,0,0,0,0	//TK_MISSION#太拳任務#
494,0,460:360:260:160:60,0,0,0,99,none,0,0,0,0,0,0,0,0,0,0,0,0,0,0,0,0,0,0,0,0,0	//SL_HIGH#一轉上等職業的靈魂#
495,0,100,0,0,0,2,none,0,0,0,0,0,0,0,0,0,0,0,0,0,0,0,0,0,0,0,0,0	//KN_ONEHAND#單手劍攻擊速度增加#
496,0,200,0,0,0,99,none,0,0,0,0,0,0,0,0,0,0,0,0,0,0,0,0,0,0,0,0,0	//AM_TWILIGHT1#寬廣配藥#
497,0,200,0,0,0,99,none,0,0,0,0,0,0,0,0,0,0,0,0,0,0,0,0,0,0,0,0,0	//AM_TWILIGHT2#寬廣配藥#
498,0,200,0,0,0,99,none,0,0,0,0,0,0,0,0,0,0,0,0,0,0,0,0,0,0,0,0,0	//AM_TWILIGHT3#寬廣配藥#
499,0,8,0,0,0,11,none,0,0,0,0,0,0,0,0,0,0,0,0,0,0,0,0,0,0,0,0,0	//HT_POWER#動物猛擊#
500,0,10,0,0,1,99,none,0,0,0,0,0,0,0,0,0,0,0,0,0,0,0,0,0,0,0,0,0//GS_GLITTERING#彈硬幣#
501,0,10,0,0,0,17:18:19:20:21,none,0,0,0,0,0,0,0,0,0,0,0,0,0,0,0,0,0,0,0,0,0	//GS_FLING#投擲硬幣#
502,0,10,0,0,0,17:18:19:20:21,none,0,0,0,0,0,0,0,0,0,0,0,0,0,0,0,0,0,0,0,0,0	//GS_TRIPLEACTION#三連擊#
503,0,10,0,0,0,17:18:19:20:21,none,0,0,0,0,0,0,0,0,0,0,0,0,0,0,0,0,0,0,0,0,0	//GS_BULLSEYE#公牛之眼#
504,0,10,0,0,0,17:18:19:20:21,none,0,0,0,0,0,0,0,0,0,0,0,0,0,0,0,0,0,0,0,0,0	//GS_MADNESSCANCEL#瘋狂取消#
505,0,15,0,0,0,17:18:19:20:21,none,0,0,0,0,0,0,0,0,0,0,0,0,0,0,0,0,0,0,0,0,0	//GS_ADJUSTMENT#狀態調整#
506,0,10,0,0,0,17:18:19:20:21,none,0,0,0,0,0,0,0,0,0,0,0,0,0,0,0,0,0,0,0,0,0	//GS_INCREASING#精準度增加#
507,0,7,0,0,0,17:18:19:20:21,none,0,0,0,0,0,0,0,0,0,0,0,0,0,0,0,0,0,0,0,0,0	//GS_MAGICALBULLET#魔法子彈#
508,0,10,0,0,0,17:18:19:20:21,none,0,0,0,0,0,0,0,0,0,0,0,0,0,0,0,0,0,0,0,0,0	//GS_CRACKER#鳴槍#
512,0,15:20:25:30:35:40:45:50:55:60,0,0,0,17:18,none,0,0,0,0,0,0,0,0,0,0,0,0,0,0,0,0,0,0,0,0,0	//GS_TRACKING#精確射擊#
513,0,15:20:25:30:35,0,0,0,17:18,none,0,0,0,0,0,0,0,0,0,0,0,0,0,0,0,0,0,0,0,0,0	//GS_DISARM#武裝解除#
514,0,11:12:13:14:15,0,0,0,17:18,none,0,0,0,0,0,0,0,0,0,0,0,0,0,0,0,0,0,0,0,0,0	//GS_PIERCINGSHOT#尖銳射擊#
515,0,22:24:26:28:30:32:34:36:38:40,0,0,0,17,none,0,0,0,0,0,0,0,0,0,0,0,0,0,0,0,0,0,0,0,0,0	//GS_RAPIDSHOWER#輪林彈雨#
516,0,32:34:36:38:40:42:44:46:48:50,0,0,0,17,none,0,0,0,0,0,0,0,0,0,0,0,0,0,0,0,0,0,0,0,0,0	//GS_DESPERADO#亡命之徒#
517,0,30:32:34:36:38:40:42:44:46:48,0,0,0,20,none,0,0,0,0,0,0,0,0,0,0,0,0,0,0,0,0,0,0,0,0,0	//GS_GATLINGFEVER#狂熱機槍#
518,0,3:6:9:12:15:18:21:24:27:30,0,0,0,19,none,0,0,0,0,0,0,0,0,0,0,0,0,0,0,0,0,0,0,0,0,0	//GS_DUST#星塵#
519,0,20:25:30:35:30:35:40:45:50:55:60:65,0,0,0,19,none,0,0,0,0,0,0,0,0,0,0,0,0,0,0,0,0,0,0,0,0,0	//GS_FULLBUSTER#全彈齊射#
520,0,15:20:25:30:35:40:45:50:55:60,0,0,0,19,none,0,0,0,0,0,0,0,0,0,0,0,0,0,0,0,0,0,0,0,0,0	//GS_SPREADATTACK#擴散攻擊#
521,0,4:8:12:16:20:24:28:32:36:40,0,0,0,21,none,0,0,0,0,0,0,0,0,0,0,0,0,0,0,0,0,0,0,0,0,0	//GS_GROUNDDRIFT#大地漂流#
//
523,0,10,0,0,0,99,none,0,0,0,0,0,0,0,0,0,0,0,0,0,0,0,0,0,0,0,0,0	//NJ_SYURIKEN#手裡劍投擲#
524,0,10,0,0,0,99,none,0,0,0,0,0,0,0,0,0,0,0,0,0,0,0,0,0,0,0,0,0	//NJ_KUNAI#苦無投擲#
525,0,20:25:30:35:40,0,0,0,22,none,0,0,0,0,0,0,0,0,0,0,0,0,0,0,0,0,0,0,0,0,0	//NJ_HUUMA#風魔手裡劍投擲#
526,0,50,0,0,1000:2000:3000:4000:5000:6000:7000:8000:9000:10000,99,none,0,0,0,0,0,0,0,0,0,0,0,0,0,0,0,0,0,0,0,0,0	//NJ_ZENYNAGE#金錢投擲#
527,0,40,0,0,0,99,none,0,0,0,0,0,0,0,0,0,0,0,0,0,0,0,0,0,0,0,0,0	//NJ_TATAMIGAESHI#榻榻米逆轉#
528,0,10:12:14:16:18:20:22:24:26:28,0,0,0,99,none,0,0,0,0,0,0,0,0,0,0,0,0,0,0,0,0,0,0,0,0,0	//NJ_KASUMIKIRI#影跳躍#
529,0,40,0,0,0,99,hiding,0,0,0,0,0,0,0,0,0,0,0,0,0,0,0,0,0,0,0,0,0	//NJ_SHADOWJUMP#霧切#
530,0,14:16:18:20:22,0,0,0,99,hiding,0,0,0,0,0,0,0,0,0,0,0,0,0,0,0,0,0,0,0,0,0	//NJ_KIRIKAGE#影切#
531,0,12:15:18:21:24,0,0,0,99,none,0,0,0,0,0,0,0,0,0,0,0,0,0,0,0,0,0,0,0,0,0	//NJ_UTSUSEMI#金蟬脫殼#
532,0,30:32:34:36:38:40:42:44:46:48,0,0,0,99,none,0,0,0,0,0,0,0,0,0,0,0,0,0,0,0,0,0,0,0,0,0	//NJ_BUNSINJYUTSU#幻影分身#
534,0,18:20:22:24:26:28:30:32:34:36,0,0,0,99,none,0,0,0,0,0,0,0,0,0,0,0,0,0,0,0,0,0,0,0,0,0	//NJ_KOUENKA#紅炎華#
535,0,40,0,0,0,99,none,0,7521,1,0,0,0,0,0,0,0,0,0,0,0,0,0,0,0,0,0,0	//NJ_KAENSIN#火炎陣#
536,0,20:25:30:35:40,0,0,0,99,none,0,7521,1,0,0,0,0,0,0,0,0,0,0,0,0,0,0,0,0,0,0	//NJ_BAKUENRYU#爆炎龍#
537,0,15:18:21:24:27:30:33:36:39:42,0,0,0,99,none,0,0,0,0,0,0,0,0,0,0,0,0,0,0,0,0,0,0,0,0,0	//NJ_HYOUSENSOU#冰閃槍#
538,0,15:18:21:24:27:30:33:36:39:42,0,0,0,99,none,0,7522,1,0,0,0,0,0,0,0,0,0,0,0,0,0,0,0,0,0,0	//NJ_SUITON#水遁#
539,0,40:45:50:55:60,0,0,0,99,none,0,7522,1,0,0,0,0,0,0,0,0,0,0,0,0,0,0,0,0,0,0	//NJ_HYOUSYOURAKU#冰晶落#
540,0,12:14:16:18:20:22:24:26:28:30,0,0,0,99,none,0,0,0,0,0,0,0,0,0,0,0,0,0,0,0,0,0,0,0,0,0	//NJ_HUUJIN#風刃#
541,0,16:20:24:28:32,0,0,0,99,none,0,7523,1,0,0,0,0,0,0,0,0,0,0,0,0,0,0,0,0,0,0	//NJ_RAIGEKISAI#雷擊碎#
542,0,24:28:32:36:40,0,0,0,99,none,0,7523,1,0,0,0,0,0,0,0,0,0,0,0,0,0,0,0,0,0,0	//NJ_KAMAITACHI#朔風-鐮鼬#
543,0,20:30:40:50:60,0,0,0,99,none,0,0,0,0,0,0,0,0,0,0,0,0,0,0,0,0,0,0,0,0,0	//NJ_NEN#念#
544,0,55:60:65:70:75:80:85:90:95:100,0,0,0,99,none,0,0,0,0,0,0,0,0,0,0,0,0,0,0,0,0,0,0,0,0,0	//NJ_ISSEN#一閃#

1001,0,40,0,0,0,99,none,0,0,0,0,0,0,0,0,0,0,0,0,0,0,0,0,0,0,0,0,0	//KN_CHARGEATK#衝鋒攻擊#
1002,0,15,0,0,0,99,shield,0,0,0,0,0,0,0,0,0,0,0,0,0,0,0,0,0,0,0,0,0	//CR_SHRINK#退縮#
1004,0,15,0,0,0,99,none,0,0,0,0,0,0,0,0,0,0,0,0,0,0,0,0,0,0,0,0,0	//AS_VENOMKNIFE#毒刃#
1005,0,25,0,0,0,99,none,0,0,0,0,0,0,0,0,0,0,0,0,0,0,0,0,0,0,0,0,0	//RG_CLOSECONFINE#緊密的約束#
1006,0,40,0,0,0,99,none,0,0,0,0,0,0,0,0,0,0,0,0,0,0,0,0,0,0,0,0,0	//WZ_SIGHTBLASTER#火狩芽#
1007,0,30,0,0,0,99,none,0,0,0,0,0,0,0,0,0,0,0,0,0,0,0,0,0,0,0,0,0	//SA_CREATECON#元素肯貝特 製作#
1008,0,30,0,0,0,99,none,0,0,0,0,0,0,0,0,0,0,0,0,0,0,0,0,0,0,0,0,0	//SA_ELEMENTALCHG#元素更換(水)#
1009,0,10,0,0,0,11,none,0,0,0,0,0,0,0,0,0,0,0,0,0,0,0,0,0,0,0,0,0	//HT_PHANTASMIC#幻影箭#
1010,0,20,0,0,0,99,none,0,0,0,0,0,0,0,0,0,0,0,0,0,0,0,0,0,0,0,0,0	//BD_PANGVOICE#陣痛之聲#
1011,0,40,0,0,0,99,none,0,0,0,0,0,0,0,0,0,0,0,0,0,0,0,0,0,0,0,0,0	//DC_WINKCHARM#眨眼之誘#
1013,0,10,0,0,0,99,none,0,0,0,0,0,0,0,0,0,0,0,0,0,0,0,0,0,0,0,0,0	//BS_GREED#貪婪#
1014,0,400,0,0,0,99,none,0,0,0,0,0,0,0,0,0,0,0,0,0,0,0,0,0,0,0,0,0	//PR_REDEMPTIO#捨身取義#
1015,0,40,0,0,0,99,none,1,0,0,0,0,0,0,0,0,0,0,0,0,0,0,0,0,0,0,0,0	//MO_KITRANSLATION#振氣注入#
1016,0,20,0,0,0,99,none,0,0,0,0,0,0,0,0,0,0,0,0,0,0,0,0,0,0,0,0,0	//MO_BALKYOUNG#發勁#
1017,0,30,0,0,0,99,none,0,0,0,0,0,0,0,0,0,0,0,0,0,0,0,0,0,0,0,0,0	//
1018,0,30,0,0,0,99,none,0,0,0,0,0,0,0,0,0,0,0,0,0,0,0,0,0,0,0,0,0	//
1019,0,30,0,0,0,99,none,0,0,0,0,0,0,0,0,0,0,0,0,0,0,0,0,0,0,0,0,0	//

//生命體技能
8001,0,13:16:19:22:25,0,0,0,99,none,0,0,0,0,0,0,0,0,0,0,0,0,0,0,0,0,0,0,0,0,0	//HLIF_HEAL#治癒之手#
8002,0,20:25:30:35:40,0,0,0,99,none,0,0,0,0,0,0,0,0,0,0,0,0,0,0,0,0,0,0,0,0,0	//HLIF_AVOID#輕捷移動#
8004,0,1,0,0,0,99,none,0,0,0,0,0,0,0,0,0,0,0,0,0,0,0,0,0,0,0,0,0	//HLIF_CHANGE#智力變換#
8005,0,10,0,0,0,99,none,0,0,0,0,0,0,0,0,0,0,0,0,0,0,0,0,0,0,0,0,0	//HAMI_CASTLE#位置互換#
8006,0,20:25:30:35:40,0,0,0,99,none,0,0,0,0,0,0,0,0,0,0,0,0,0,0,0,0,0,0,0,0,0	//HAMI_DEFENCE#防禦力#
8008,0,120,0,0,0,99,none,0,0,0,0,0,0,0,0,0,0,0,0,0,0,0,0,0,0,0,0,0	//HAMI_BLOODLUST#血的貪求#
8009,0,4:8:12:16:20,0,0,0,99,none,0,0,0,0,0,0,0,0,0,0,0,0,0,0,0,0,0,0,0,0,0	//HFLI_MOON#月光#
8010,0,30:40:50:60:70,0,0,0,99,none,0,0,0,0,0,0,0,0,0,0,0,0,0,0,0,0,0,0,0,0,0	//HFLI_FLEET#橫越速度#
8011,0,30:40:50:60:70,0,0,0,99,none,0,0,0,0,0,0,0,0,0,0,0,0,0,0,0,0,0,0,0,0,0	//HFLI_SPEED#緊急迴避#
8012,0,1,0,0,0,99,none,0,0,0,0,0,0,0,0,0,0,0,0,0,0,0,0,0,0,0,0,0	//HFLI_SBR44#S.B.R.44#
8013,0,22:24:26:28:30,0,0,0,99,none,0,0,0,0,0,0,0,0,0,0,0,0,0,0,0,0,0,0,0,0,0	//HVAN_CAPRICE#善變#
8014,0,40,0,0,0,99,none,0,0,0,0,0,0,0,0,0,0,0,0,0,0,0,0,0,0,0,0,0	//HVAN_CHAOTIC#混亂的祈福#
8016,0,1,0,0,0,99,none,0,0,0,0,0,0,0,0,0,0,0,0,0,0,0,0,0,0,0,0,0	//HVAN_EXPLOSION#生物爆炸#

//工會技能
10010,0,0,0,0,0,99,none,0,0,0,0,0,0,0,0,0,0,0,0,0,0,0,0,0,0,0,0,0	//GD_BATTLEORDER#下達戰鬥命令#
10011,0,0,0,0,0,99,none,0,0,0,0,0,0,0,0,0,0,0,0,0,0,0,0,0,0,0,0,0	//GD_REGENERATION#復興公會員體力#
10012,0,0,0,0,0,99,none,0,0,0,0,0,0,0,0,0,0,0,0,0,0,0,0,0,0,0,0,0	//GD_RESTORE#恢復公會員體力#
10013,0,0,0,0,0,99,none,0,0,0,0,0,0,0,0,0,0,0,0,0,0,0,0,0,0,0,0,0	//GD_EMERGENCYCALL#緊急呼叫#