//skill_cast_db.txt＠AthenaDB計畫 2005/04/14 00:00:00 +0900 (JST),0,,0,,
//id,cast_list,fixed_cast_list,delay_list,upkeep_time,upkeep_time2

6,0,0,0,30000,0	//SM_PROVOKE#挑釁#
7,0,0,2000,0,0	//SM_MAGNUM#怒爆#
8,0,0,0,10000:13000:16000:19000:22000:25000:28000:31000:34000:37000,0	//SM_ENDURE#霸體#

10,0,0,0,9000,0	//MG_SIGHT#火狩#
11,500,0,1000:1000:1000:900:900:800:800:700:600:500,0,0	//MG_NAPALMBEAT#心靈爆破#
12,4000:3500:3000:2500:2000:1500:1000:1000:1000:1000,0,0,5000:10000:15000:20000:25000:30000:35000:40000:45000:50000,0	//MG_SAFETYWALL#暗之障壁#
13,500,0,1200:1000:1400:1200:1600:1400:1800:1600:2000:1800,0,0	//MG_SOULSTRIKE#聖靈召喚#
14,700:1400:2100:2800:3500:4200:4900:5600:6300:7000,0,1000:1200:1400:1600:1800:2000:2200:2400:2600:2800,0,0	//MG_COLDBOLT#冰箭術#
15,800,0,1500,0,3000:6000:9000:12000:15000:18000:21000:24000:27000:30000	//MG_FROSTDIVER#冰凍術#
16,1000,0,0,0,20000	//MG_STONECURSE#石化術#
17,1500:1500:1500:1500:1500:1000:1000:1000:1000:1000,0,1500:1500:1500:1500:1500:1000:1000:1000:1000:1000,0,0	//MG_FIREBALL#火球術#
18,2000:1850:1700:1550:1400:1250:1100:950:800:650,0,0,5000:6000:7000:8000:9000:10000:11000:12000:13000:14000,0	//MG_FIREWALL#火焰之壁#
19,700:1400:2100:2800:3500:4200:4900:5600:6300:7000,0,1000:1200:1400:1600:1800:2000:2200:2400:2600:2800,0,0	//MG_FIREBOLT#火箭術#
20,700:1400:2100:2800:3500:4200:4900:5600:6300:7000,0,1000:1200:1400:1600:1800:2000:2200:2400:2600:2800,0,0	//MG_LIGHTNINGBOLT#雷擊術#
21,1000:2000:3000:4000:5000:6000:7000:8000:9000:10000,0,2000,500,0	//MG_THUNDERSTORM#雷爆術#

24,0,0,0,10000,0	//AL_RUWACH#光獵#
25,0,0,0,10000,0	//AL_PNEUMA#光之障壁#
26,0,0,0,0,0	//AL_TELEPORT#瞬間移動#
27,1000,0,0,10000:15000:20000:25000:30000:35000:40000:45000:50000:55000,0	//AL_WARP#傳送之陣#
28,0,0,1000,0,0	//AL_HEAL#治癒術#
29,1000,0,1000,60000:80000:100000:120000:140000:160000:180000:200000:220000:240000,0	//AL_INCAGI#加速術#
30,1000,0,1000,40000:50000:60000:70000:80000:90000:100000:110000:120000:130000,0	//AL_DECAGI#緩速術#
31,1000,0,500,0,0	//AL_HOLYWATER#天使之淚#
32,500,0,2000,0,0	//AL_CRUCIS#天使之光#
33,500,0,3500,30000:60000:90000:120000:150000:180000:210000:240000:270000:300000,0	//AL_ANGELUS#天使之障壁#
34,0,0,0,60000:80000:100000:120000:140000:160000:180000:200000:220000:240000,0	//AL_BLESSING#天使之賜福#
35,0,0,1000,0,0	//AL_CURE#治療術#

45,0,0,0,60000:80000:100000:120000:140000:160000:180000:200000:220000:240000,0	//AC_CONCENTRATION#心神凝聚#
46,0,0,100,1000,0//AC_DOUBLE#二連矢#
47,0,0,100,0,0//AC_DOUBLE#箭雨#

51,0,0,0,30000:60000:90000:120000:150000:180000:210000:240000:270000:300000,0	//TF_HIDING#隱匿#
52,0,0,0,0,15000:20000:25000:30000:35000:40000:45000:50000:55000:60000	//TF_POISON#施毒#

54,6000:4000:2000:0,0,0:1000:2000:3000,0,0	//ALL_RESURRECTION#復活術#

57,1000,0,700,0,0	//KN_BRANDISHSPEAR#騎乘攻擊#

59,0,0,1000,0,0	//KN_SPEARBOOMERANG#投擲長矛攻擊#
60,0,0,0,30000:60000:90000:120000:150000:180000:210000:240000:270000:300000,0	//KN_TWOHANDQUICKEN#雙手劍攻擊速度增加#
61,0,0,0,400:800:1200:1600:2000,0	//KN_AUTOCOUNTER#反擊#
62,1000,0,1000,0,0	//KN_BOWLINGBASH#怪物互擊#

66,0,0,3000,60000,0	//PR_IMPOSITIO#神威祈福#
67,0,0,2000,30000:20000:10000,0	//PR_SUFFRAGIUM#犧牲祈福#
68,0,0,2000,60000:90000:120000:150000:180000,0	//PR_ASPERSIO#撒水祈福#
69,0,0,0,40000:80000:120000:160000:200000,0	//PR_BENEDICTIO#聖之祈福#
70,5000,0,0,4000:7000:10000:13000:16000:19000:22000:25000:28000:31000,0	//PR_SANCTUARY#光耀之堂#
71,0,0,0,10000:20000:30000:40000,0	//PR_SLOWPOISON#緩毒術#
72,0,0,2000,0,0	//PR_STRECOVERY#痊癒術#
73,2000,0,2000,120000,0	//PR_KYRIE#霸邪之陣#
74,4000,0,2000,30000:45000:60000:75000:90000,0	//PR_MAGNIFICAT#聖母之頌歌#
75,0,0,2000,10000:15000:20000:25000:30000:,0	//PR_GLORIA#幸運之頌歌#
76,0,0,3000,30000:35000:40000:45000:50000:55000:60000:60000:60000:60000,0	//PR_LEXDIVINA#沉默之術#
77,1000,0,3000,0,0	//PR_TURNUNDEAD#轉生術#
78,0,0,3000,600000,0	//PR_LEXAETERNA#天使之怒#
79,15000,0,4000,5000:6000:7000:8000:9000:10000:11000:12000:13000:14000,0	//PR_MAGNUS#十字驅魔攻擊#
80,3000:2700:2400:2100:1800:1500:1200:900:600:300,0,1000,30000,0	//WZ_FIREPILLAR#火柱攻擊#
81,700,0,2000,500,0	//WZ_SIGHTRASHER#火之獵殺#

83,15000,0,2500:3000:3500:4000:4500:5000:5500:6000:6500:7000,500,10000	//WZ_METEOR#隕石術#
84,2500:3000:3500:4000:4500:5000:5500:6000:6500:7000,0,0,0,0	//WZ_JUPITEL#雷鳴術#
85,15000:14500:14000:13500:13000:12500:12000:11500:11000:10500,0,5000,4100,14000	//WZ_VERMILION#怒雷強擊#
86,1000:2000:3000:4000:5000,0,0,0,0	//WZ_WATERBALL#水球術#
87,0,0,0,8000:12000:16000:20000:24000:28000:32000:36000:40000:44000,0	//WZ_ICEWALL#冰刃之牆#
88,6000:6000:5500:5500:5000:5000:4500:4500:4000:4000,0,1000,500,1500:3000:4500:6000:7500:9000:10500:12000:13500:15000	//WZ_FROSTNOVA#霜凍之術#
89,6000:7000:8000:9000:10000:11000:12000:13000:14000:15000,0,5000,4600,10000:11000:12000:13000:14000:15000:16000:17000:18000:19000	//WZ_STORMGUST#暴風雪#
90,700:1400:2100:2800:3500,0,1000:1200:1400:1600:1800,0,0	//WZ_EARTHSPIKE#地震術#
91,1000:2000:3000:4000:5000,0,1000,500,0	//WZ_HEAVENDRIVE#崩裂術#
92,0,0,1000,5000:10000:15000:20000:25000,5000:10000:15000:20000:25000	//WZ_QUAGMIRE#泥沼地#

108,4000,0,0,0,0	//BS_REPAIRWEAPON#武器修理#

110,0,0,0,1200,6000:7000:8000:9000:10000:11000	//BS_HAMMERFALL#大地之擊#
111,0,0,0,30000:60000:90000:120000:150000,0	//BS_ADRENALINE#速度激發#
112,0,0,0,10000:20000:30000:40000:50000,0	//BS_WEAPONPERFECT#無視體型攻擊#
113,0,0,0,20000:40000:60000:80000:100000,0	//BS_OVERTHRUST#凶砍#
114,0,0,0,1000:2000:3000:4000:5000,0	//BS_MAXIMIZE#武器值最大化#
115,0,0,0,300000:240000:180000:120000:60000,0	//HT_SKIDTRAP#滑動陷阱#
116,0,0,0,20000:160000:120000:80000:40000,6000:7000:8000:9000:10000:11000	//HT_LANDMINE#地雷陷阱#
117,0,0,0,250000:200000:150000:100000:50000,4000:8000:12000:16000:20000	//HT_ANKLESNARE#定位陷阱#
118,0,0,0,200000:160000:120000:80000:40000,0	//HT_SHOCKWAVE#魔耗陷阱#
119,0,0,0,150000:120000:90000:60000:30000,12000:14000:16000:18000:20000	//HT_SANDMAN#睡魔陷阱#
120,0,0,0,150000:120000:90000:60000:30000,10000:11000:12000:13000:14000	//HT_FLASHER#強光陷阱#
121,0,0,0,150000:120000:90000:60000:30000,3000:6000:9000:12000:15000	//HT_FREEZINGTRAP#霜凍陷阱#
122,0,0,0,10000:8000:6000:4000:2000,0	//HT_BLASTMINE#定時爆炸陷阱#
123,0,0,0,20000:40000:60000:80000:100000,0	//HT_CLAYMORETRAP#爆散陷阱#

125,0,0,0,600000,0	//HT_TALKIEBOX#陷阱探查#

129,1000,0,1000,0,0	//HT_BLITZBEAT#閃電衝擊#
130,0,0,0,9000,0	//HT_DETECTING#獵鷹尋敵#

135,0,0,0,500:1000:2000:3000:4000:5000:6000:7000:8000:9000,0	//AS_CLOAKING#偽裝#
136,0,0,2000,0,6000:7000:8000:9000:10000:11000:12000:13000:14000:15000	//AS_SONICBLOW#音速投擲#

138,0,0,0,30000:45000:60000:75000:90000:105000:120000:135000:150000:165000,0	//AS_ENCHANTPOISON#塗毒#
139,0,0,0,20000:25000:30000:35000:40000:45000:50000:55000:60000:60000,0	//AS_POISONREACT#毒性反彈#
140,0,0,0,5000:10000:15000:20000:25000:30000:35000:40000:45000:50000,15000:20000:25000:30000:35000:40000:45000:50000:55000:60000	//AS_VENOMDUST#病毒散撥#
141,1000,0,0,5000:5500:6000:6500:7000:7500:8000:8500:9000:9500,15000:20000:25000:30000:35000:40000:45000:50000:55000:60000	//AS_SPLASHER#毒性感染#

143,0,0,0,600000,0	//NV_TRICKDEAD#裝死#

145,0,0,0,0,8000	//SM_FATALBLOW#攻擊弱點#

148,1500,0,0,0,0	//AC_CHARGEARROW#衝鋒箭#
149,0,0,0,0,10000	//TF_SPRINKLESAND#噴砂#

151,500,0,0,0,0	//TF_THROWSTONE#撿石頭#
152,0,0,0,0,8000	//TF_THROWSTONE#投擲石頭#

155,0,0,0,300000,0	//MC_LOUD#大聲吶喊#
156,2000,0,0,0,0	//AL_HOLYLIGHT#神聖之光#
157,5000,0,0,300000,0	//MG_ENERGYCOAT#能量外套#

//持續時間ゾPCソノ有效 時間ゾ聖體降福參考
161,3000,0,0,40000:80000:120000:160000:200000:240000:280000:320000:360000:400000,0	//NPC_ATTRICHANGE#隨機屬性變化#
162,3000,0,0,40000:80000:120000:160000:200000:240000:280000:320000:360000:400000,0	//NPC_CHANGEWATER#水屬性變化#
163,3000,0,0,40000:80000:120000:160000:200000:240000:280000:320000:360000:400000,0	//NPC_CHANGEGROUND#地屬性變化#
164,3000,0,0,40000:80000:120000:160000:200000:240000:280000:320000:360000:400000,0	//NPC_CHANGEFIRE#火屬性變化#
165,3000,0,0,40000:80000:120000:160000:200000:240000:280000:320000:360000:400000,0	//NPC_CHANGEWIND#風屬性變化#
166,3000,0,0,40000:80000:120000:160000:200000:240000:280000:320000:360000:400000,0	//NPC_CHANGEPOISON#毒屬性變化#
167,3000,0,0,40000:80000:120000:160000:200000:240000:280000:320000:360000:400000,0	//NPC_CHANGEHOLY#聖屬性變化#
168,3000,0,0,40000:80000:120000:160000:200000:240000:280000:320000:360000:400000,0	//NPC_CHANGETELEKINESIS#念屬性變化#
169,3000,0,0,40000:80000:120000:160000:200000:240000:280000:320000:360000:400000,0	//NPC_CHANGEDARLNESS#暗屬性變化#

173,2000,0,0,2000,0	//NPC_SELFDESTRUCTION#自爆#

176,0,0,0,0,15000:20000:25000:30000:35000:40000:45000:50000:55000:60000	//NPC_POISON#毒攻擊#
177,0,0,0,0,10000:11000:12000:13000:14000:15000:16000:17000:18000:19000	//NPC_BLINDATTACK#暗黑攻擊#
178,0,0,0,0,10000:12000:14000:16000:18000:20000:22000:24000:26000:28000	//NPC_SILENCEATTACK#沉默攻擊#
//179,0,0,0,0,6000:7000:8000:9000:10000:11000:12000:13000:14000:15000	//NPC_STUNATTACK#無視體型攻擊#
179,0,0,0,0,3000	//NPC_STUNATTACK#無視體型攻擊#
180,0,0,0,0,10000:11000:12000:13000:14000:15000:16000:17000:18000:19000	//NPC_PETRIFYATTACK#石化攻擊#
181,0,0,0,0,15000:20000:25000:30000:35000:40000:45000:50000:55000:60000	//NPC_CURSEATTACK#詛咒攻擊#
182,0,0,0,0,8000:10000:12000:14000:16000:18000:20000:22000:24000:26000	//NPC_SLEEPATTACK#睡眠攻擊#

201,0,0,0,60000:70000:80000:90000:100000:110000:120000:130000:140000:150000,0	//NPC_KEEPING#一定時間、非移動非反擊(DEF100)#

204,0,0,0,60000:70000:80000:90000:100000:110000:120000:130000:140000:150000,0	//NPC_BARRIER#一定時間、非移動非反擊(MDEF100)#

206,0,0,0,0,6000:7000:8000:9000:10000:11000:12000:13000:14000:15000	//NPC_LICK#SP減少攻擊（追加無視體型？）#
207,0,0,0,30000:40000:50000:60000:70000:80000:90000:100000:110000:120000,0	//NPC_HALLUCINATION#錯覺#

212,0,0,500,0,0	//RG_BACKSTAP#背刺#

214,0,0,0,0,8000:9000:10000:11000:12000	//RG_RAID#潛擊#
215,1000,0,1000,75000:90000:105000:120000:135000,0	//RG_STRIPWEAPON#卸除武器#
216,1000,0,1000,75000:90000:105000:120000:135000,0	//RG_STRIPSHIELD#卸除盾牌#
217,1000,0,1000,75000:90000:105000:120000:135000,0	//RG_STRIPARMOR#卸除鎧甲#
218,1000,0,1000,75000:90000:105000:120000:135000,0	//RG_STRIPHELM#卸除頭盔#

220,0,0,0,180000,0	//RG_GRAFFITI#塗鴉#

229,1000,0,0,40000:45000:50000:55000:60000,0	//AM_DEMONSTRATION#火煙瓶投擲#
230,1000,0,0,3:7:10:12:13,90000	//AM_ACIDTERROR#強酸攻擊#

232,2000,0,500,300000:240000:180000:120000:60000,0	//AM_CANNIBALIZE#生物調撥#
233,2000,0,500,30000,0	//AM_SPHEREMINE#氣泡蟲召喚#
234,2000,0,0,120000:240000:360000:480000:600000,0	//AM_CP_WEAPON#化學武器保護#
235,2000,0,0,120000:240000:360000:480000:600000,0	//AM_CP_SHIELD#化學盾牌保護#
236,2000,0,0,120000:240000:360000:480000:600000,0	//AM_CP_ARMOR#化學鎧甲保護#
237,2000,0,0,120000:240000:360000:480000:600000,0	//AM_CP_HELM#化學頭盔保護#

247,3000,0,0,0,0	//AM_RESURRECTHOMUN#復活生命體#

249,0,0,0,300000,0	//CR_AUTOGUARD#自動防禦#
250,0,0,0,0,8000:9000:10000:11000:12000	//CR_SHIELDCHARGE#盾擊#
251,0,0,700,0,0	//CR_SHIELDBOOMERANG#迴旋盾擊#
252,0,0,0,300000,0	//CR_REFLECTSHIELD#反射盾#
253,0,0,0,0,10000:11000:12000:13000:14000:15000:16000:17000:18000:19000	//CR_HOLYCROSS#聖十字攻擊#
254,3000,0,1500,800,10000:11000:12000:13000:14000:15000:16000:17000:18000:19000	//CR_GRANDCROSS#聖十字審判#
255,3000,0,0,0,0	//CR_DEVOTION#犧牲#
256,3000,0,0,180000,0	//CR_PROVIDENCE#神祐之光#
257,0,0,800,180000,0	//CR_DEFENDER#光之盾#
258,0,0,0,30000:60000:90000:120000:150000:180000:210000:240000:270000:300000,0	//CR_SPEARQUICKEN#長矛加速術#

261,1500,0,0,600000,0	//MO_CALLSPIRITS#蓄氣#
262,2000,0,0,0,0	//MO_ABSORBSPIRITS#吸氣#

266,1000,0,500,0,0	//MO_INVESTIGATE#浸透勁#
267,1000,0,500,0,0	//MO_FINGEROFFENSIVE#彈指神通#
268,5000,0,0,30000:60000:90000:120000:150000,0	//MO_STEELBODY#金剛不壞#
269,0,0,0,500:700:900:1100:1300,20000:30000:40000:50000:60000	//MO_BLADESTOP#真劍百破道#
270,0,0,0,180000,0	//MO_EXPLOSIONSPIRITS#爆氣#
271,4000:3500:3000:2500:2000,0,3000:2500:2000:1500:1000,0,300000	//MO_EXTREMITYFIST#阿修羅霸凰拳#

276,0,0,1500,400:600:800:1000:1200,0	//SA_MAGICROD#魔法懲罰#
277,700,0,0,0,0	//SA_SPELLBREAKER#念咒拆除#

279,3000,0,0,120000:150000:180000:210000:240000:270000:300000:360000:390000,0	//SA_AUTOSPELL#自動念咒#
280,3000,0,0,1200000:1200000:1200000:1200000:1800000,0	//SA_FLAMELAUNCHER#火焰屬性附加#
281,3000,0,0,1200000:1200000:1200000:1200000:1800000,0	//SA_FROSTWEAPON#水屬性附加#
282,3000,0,0,1200000:1200000:1200000:1200000:1800000,0	//SA_LIGHTNINGLOADER#風屬性附加#
283,3000,0,0,1200000:1200000:1200000:1200000:1800000,0	//SA_SEISMICWEAPON#地屬性附加#

285,5000,0,0,180000,180000	//SA_VOLCANO#火元素領域#
286,5000,0,0,180000,180000	//SA_DELUGE#水元素領域#
287,5000,0,0,180000,180000	//SA_VIOLENTGALE#風元素領域#
288,5000,0,0,180000,180000	//SA_LANDPROTECTOR#地元素領域#
289,2000,0,0,0,0	//SA_DISPELL#魔法效果解除#
294,0,0,0,120000,0	//SA_REVERSEORCISH#變成獸人面孔#
304,0,0,0,0,5000	//BD_ADAPTATION#臨機應變#

306,0,0,0,60000,15000	//BD_LULLABY#搖籃曲#
307,0,0,0,60000,60000	//BD_RICHMANKIM#經驗值倍增#
308,0,0,0,60000,60000	//BD_ETERNALCHAOS#永遠的混沌#
309,0,0,0,60000,60000	//BD_DRUMBATTLEFIELD#戰鼓震天#
310,0,0,0,60000,60000	//BD_RINGNIBELUNGEN#尼貝隆根之戒指#
311,0,0,0,60000,60000	//BD_ROKISWEIL#洛奇的悲鳴#
312,0,0,0,60000,60000	//BD_INTOABYSS#觸媒之所#
313,0,0,0,60000,60000	//BD_SIEGFRIED#不死神齊格弗里德#

316,1500,0,0,0,0	//BA_MUSICALSTRIKE#樂器攻擊#
317,0,0,0,30000,3000	//BA_DISSONANCE#不諧和音#
318,0,0,3000,0,10000:11000:12000:13000:14000	//BA_FROSTJOKE#冷笑話#
319,0,0,0,60000,60000	//BA_WHISTLE#吹口哨#
320,0,0,0,120000,120000	//BA_ASSASSINCROSS#刺客的黃昏#
321,0,0,0,180000,180000	//BA_POEMBRAGI#布萊奇之詩#
322,0,0,0,180000,180000	//BA_APPLEIDUN#伊登的蘋果#

324,1500,0,0,0,0	//DC_THROWARROW#纏箭投擲#
325,0,0,0,30000,3000	//DC_UGLYDANCE#醜陋之舞#
326,0,0,3000,0,3000	//DC_SCREAM#驚聲尖叫#
//326,0,0,3000,0,10000:11000:12000:13000:14000	//DC_SCREAM#驚聲尖叫#
327,0,0,0,60000,60000	//DC_HUMMING#哼唱之音#
328,0,0,0,180000,180000	//DC_DONTFORGETME#勿忘我#
329,0,0,0,120000,120000	//DC_FORTUNEKISS#女神之吻#
330,0,0,0,180000,180000	//DC_SERVICEFORYOU#為您服務#
331,3500,0,0,3500,0	//NPC_SELFDESTRUCTION2#自爆2#

334,3000,0,0,0,0	//WE_MALE#只呵護妳#
335,3000,0,0,0,0	//WE_FEMALE#只為你犧牲#
336,0,0,0,13000,0	//WE_CALLPARTNER#想念你#

339,3000,0,1500,800,10000:11000:12000:13000:14000:15000:16000:17000:18000:19000	//NPC_DARKGRANDCROSS#暗聖十字審判#
342,0,0,0,10000,0//NPC_HOLDWEB#咒縛#
349,0,0,0,30000,0	//NPC_EXPLOSIONSPIRITS#NPC爆氣#
350,0,0,1000,10000:20000:30000:40000:50000,0	//NPC_INCREASEFLEE#速度強化#
351,0,0,0,1800000,0	//NPC_ELEMENTUNDEAD#不死屬性賦予#
352,0,0,0,500:1000:2000:3000:4000:5000:6000:7000:8000:9000,0	//NPC_INVISIBLE#無形#

355,0,0,0,40000:60000:80000:100000:120000,0	//LK_AURABLADE#靈氣劍#
356,0,0,0,15000:20000:25000:30000:35000:40000:45000:50000:55000:60000,0	//LK_PARRYING#雙劍挌擋#
357,0,0,0,25000:30000:35000:40000:45000,0	//LK_CONCENTRATION#集中攻擊#
358,0,0,0,180000,0	//LK_TENSIONRELAX#極速回復#

361,1000:1500:2000:2500:3000,0,1100:1200:1300:1400:1500,20000:40000:60000:80000:100000,0	//HP_ASSUMPTIO#聖母之祈福#
362,5000:6000:7000:8000:9000,0,2000:3000:4000:5000:6000,20000:25000:30000:35000:40000,0	//HP_BASILICA#神聖殿堂#

365,300,0,300,0,0	//HW_MAGICCRASHER#魔擊術#
366,0,700,0,400000,0	//HW_MAGICPOWER#魔力增幅#
367,2000:2500:3000:3500:4000,0,2000:2500:3000:3500:4000,0,0	//PA_PRESSURE#神之威壓#
368,0,0,0,400000,0	//PA_SACRIFICE#捨命攻擊#
369,0,0,0,60000,20000	//PA_GOSPEL#聖音#
370,0,0,300,0,0	//CH_PALMSTRIKE#猛虎硬爬山#
371,0,0,0,0,2000:4000:6000:8000:10000	//CH_TIGERFIST#伏虎拳#
372,0,0,800:800:800:800:800:1000:1000:1000:1000:1000,0,0	//CH_CHAINCRUSH#氣絕崩擊#
373,0,0,1000:1200:1400:1600:1800,0,0	//PF_HPCONVERSION#HP轉換#
374,3000,0,5000,0,0	//PF_SOULCHANGE#心神互換#
375,0,0,0,0,10000:10000:10000:10000:15000	//PF_SOULBURN#精神耗弱術#

378,0,0,2000,40000:45000:50000:55000:60000,40000:45000:50000:55000:60000	//ASC_EDP#致命塗毒#
379,500,0,1000:1200:1400:1600:1800:2000:2200:2400:2600:2800,0,0	//ASC_BREAKER#心靈震波#
380,0,0,0,30000,0	//SN_SIGHT#狙殺瞄準#
381,1000,0,3000,0,0	//SN_FALCONAASAULT#獵鷹突擊#
382,2000,0,1500,0,0	//SN_SHARPSHOOTING#銳利射擊#
383,2000:2400:2800:3200:3600:4000:4400:4800:5200:5600,0,2000,130000:160000:190000:220000:250000:280000:310000:340000:370000:400000,0	//SN_WINDWALK#風之步#
384,0,0,5000:5000:6000:6000:7000:7000:8000:8000:9000:10000,15000:20000:25000:30000:35000:40000:45000:50000:55000:60000,120000	//WS_MELTDOWN#野蠻凶砍#

387,0,0,0,60000,0	//WS_CARTBOOST#手推車加速#
389,1000,0,0,10000,0 //ST_CHASEWALK#暗影追蹤#
390,0,0,0,300000,0	//ST_REJECTSWORD#霸王魂#

394,2000:2200:2400:2600:2800:3000:3200:3400:3600:3800,0,800:800:800:800:800:1000:1000:1000:1000:1000,0,0	//CG_ARROWVULCAN#奧義箭亂舞#
395,0,0,0,20000:25000:30000:35000:40000,20000:25000:30000:35000:40000	//CG_MOONLIT#落花伴著月光下的水車小屋#
396,0,0,0,300000,0	//CG_MARIONETTE#傀儡師的把戲#
397,300:500:700:900:1000,0,1200:1400:1600:1800:2000,0,0	//LK_SPIRALPIERCE#螺旋擊刺#
398,0,0,500,0,90000	//LK_HEADCRUSH#傷害增壓#
399,800:800:800:800:800:1000:1000:1000:1000:1000,0,0,0,30000	//LK_JOINTBEAT#巧打#
400,1000,0,1000,0,0 //HW_NAPALMVULCAN#念力連擊#
401,2000,0,0,600000,0	//CH_SOULCOLLECT#狂蓄氣#
402,0,0,800:900:1000:1100:1200,30000,0	//PF_MINDBREAKER#精神撼動#
403,0,5000,0,0,0	//PF_MEMORIZE#速讀術#
404,0,0,0,20000,40000	//PF_FOGWALL#薄霧牆#
405,0,0,0,30000,8000	//PF_SPIDERWEB#易燃之網#
406,500,0,500,0,3000	//ASC_METEORASSAULT#黑暗瞬間#
407,0,0,5000,0,0	//ASC_CDP#毒液製作#
408,3000,0,1000,120000,0	//WE_BABY#爸媽我愛您#
409,0,0,0,13000,0	//WE_CALLPARENT#爸媽我想念您#
410,0,0,0,13000,0	//WE_CALLBABY#寶貝請來這裡#
411,6000:5000:4000:3000:2000:1000:0:0:0:0,0,0,600000,0	//TK_RUN#跑步#
420,0,0,0,500,0	//TK_DODGE#落法#
425,0,0,1000,300000,0	//TK_SEVENWIND#溫暖的風#
426,5000:4000:3000:2000:1000,0,0,0,0	//TK_HIGHJUMP#跳高#
427,1000,0,0,0,0	//SG_FEEL#太陽和月亮和星星的感覺#
428,1000,0,1000,10000:20000:60000,0	//SG_SUN_WARM#太陽的溫暖#
429,1000,0,1000,10000:20000:60000,0	//SG_MOON_WARM#月亮的溫暖#
430,1000,0,1000,10000:20000:60000,0	//SG_STAR_WARM#星星的溫暖#
431,1000,0,1000,80000:160000:240000:320000,0	//SG_SUN_COMFORT#太陽的平安感#
432,1000,0,1000,80000:160000:240000:320000,0	//SG_MOON_COMFORT#月亮的平安感#
433,1000,0,1000,80000:160000:240000:320000,0	//SG_STAR_COMFORT#星星的平安感#
434,1000,0,0,0,0	//SG_HATE#太陽和月亮和星星的憎惡#
444,1000,0,1000,600000,0	//SG_FUSION#太陽和月亮和星星的融合#
445,0,0,1000,150000:200000:250000:300000:350000,0	//SL_ALCHEMIST#鍊金術師的靈魂#
447,0,0,1000,150000:200000:250000:300000:350000,0	//SL_MONK#武道家的靈魂#
448,0,0,1000,150000:200000:250000:300000:350000,0	//SL_STAR#拳聖的靈魂#
449,0,0,1000,150000:200000:250000:300000:350000,0	//SL_SAGE#賢者的靈魂#
450,0,0,1000,150000:200000:250000:300000:350000,0	//SL_CRUSADER#十字軍的靈魂#
451,0,0,1000,150000:200000:250000:300000:350000,0	//SL_SUPERNOVICE#超級初學者的靈魂#
452,0,0,1000,150000:200000:250000:300000:350000,0	//SL_KNIGHT#騎士的靈魂#
453,0,0,1000,150000:200000:250000:300000:350000,0	//SL_WIZARD#巫師的靈魂#
454,0,0,1000,150000:200000:250000:300000:350000,0	//SL_PRIEST#祭司的靈魂#
455,0,0,1000,150000:200000:250000:300000:350000,0	//SL_BARDDANCER#吟遊詩人和舞孃的靈魂#
456,0,0,1000,150000:200000:250000:300000:350000,0	//SL_ROGUE#流氓的靈魂#
457,0,0,1000,150000:200000:250000:300000:350000,0	//SL_ASSASIN#刺客的靈魂#
458,0,0,1000,150000:200000:250000:300000:350000,0	//SL_BLACKSMITH#鐵匠的靈魂#
459,0,0,0,150000,0	//BS_ADRENALINE2#所有速度激發#
460,0,0,0,150000:200000:250000:300000:350000,0	//SL_HUNTER#獵人的靈魂#
461,0,0,0,150000:200000:250000:300000:350000,0	//SL_SOULLINKER#悟靈士的靈魂#
462,0,4500:4000:3500:3000:2500:2500:2500,0,1800000,0	//SL_KAIZEL#凱易哲#
463,0,0,0,350000,0	//SL_KAAHI#凱阿希#
464,0,0,0,600000,0	//SL_KAUPE#凱誣僕#
465,6000:5500:5000:4500:4000:3500:3000,0,0,60000:120000:180000:240000:300000:360000:600000,0	//SL_KAITE#凱易特#
467,1000,0,500,3000,0	//SL_STIN#艾斯提#
468,1000,0,500,3000,0	//SL_STUN#艾斯敦#
469,0,2000,500,0,0	//SL_SMA#艾斯麻#
470,0,0,500,1000:2000:3000:4000:5000:6000:7000,0	//SL_SWOO#艾斯誣#
471,3000:2000:1000,0,0,10000:20000:30000,0	//SL_SKE#艾斯克#
472,3000:2000:1000,0,0,10000:20000:30000,0	//SL_SKA#艾斯卡#

475,1000,0,0,600000,0	//ST_PRESERVE#自由保護#
476,0,0,1000,75000:90000:105000:120000:135000,0	//ST_FULLSTRIP#所有卸除#
//477,0,0,0,0,0	//WS_WEAPONREFINE#武器精練#
478,1000,0,1000,0,0	//CR_SLIMPITCHER#纖細藥水投擲#
479,2000,0,0,120000:240000:360000:480000:600000,0	//CR_FULLPROTECTION#所有化學武器保護#
480,1000,0,1000,0,0	//PA_SHIELDCHAIN#連續盾擊#
482,0,2000,0,90000,0	//PF_DOUBLECASTING#雙倍投擲#
483,3000,0,2000,0,0	//HW_GANBANTEIN#咖般塔音#
484,5000,0,2000,5000:6000:7000:8000:9000,0	//HW_GRAVITATION#重力原野#

486,0,0,0,180000,0	//WS_OVERTHRUSTMAX#凶砍最大值#

488,0,0,0,10000:15000:20000:25000:30000,10000:15000:20000:25000:30000	//CG_HERMODE#海羅默德的手杖#
489,0,1000,3000,0,0	//CG_TAROTCARD	#命運的塔羅牌#
490,1000,0,1000,0,0	//CR_ACIDDEMONSTRATION#強酸火煙瓶投擲#

493,1000,0,0,0,0	//TK_MISSION#太拳任務#
494,0,0,0,150000:200000:250000:300000:350000,0	//SL_HIGH#一轉上等職業的靈魂#
495,0,0,0,300000,0	//KN_ONEHAND#單手劍攻擊速度增加#
496,0,3000,10000,50,0//AM_TWILIGHT1#寬廣配藥#
497,0,3000,10000,50,0//AM_TWILIGHT2#寬廣配藥#
498,0,3000,10000,50,0//AM_TWILIGHT3#寬廣配藥#
499,0,0,100,0,0//HT_POWER#動物猛擊#
500,500,0,0,600000,0	//GS_FLING#彈硬幣#
501,0,0,0,0,30000	//GS_FLING#投擲硬幣#
504,0,0,0,15000,0	//GS_MADNESSCANCEL#瘋狂取消#
505,0,0,0,30000,0	//GS_ADJUSTMENT#狀態調整#
506,0,0,0,60000,0	//GS_INCREASING#精准度增加#
508,0,0,0,0,3000	//GS_CRACKER#鳴槍#
512,1200:1400:1600:1800:2000:2200:2400:2600:2800:3000,0,1000,0,0	//GS_TRACKING#精確射擊#
513,0,0,0,0,30000	//GS_DISARM#武裝解除#
514,1000,0,1000,0,0	//GS_PIERCINGSHOT#尖銳射擊#
515,0,0,1000,0,0	//GS_RAPIDSHOWER#輪林彈雨#
516,1000,0,1000,0,0	//GS_DESPERADO#亡命之徒#
517,1000,0,0,30000:45000:60000:75000:90000:105000:120000:135000:150000:160000,0	//GS_GATLINGFEVER#狂熱機槍#
518,1000,0,1000,0,0	//GS_DUST#星塵#
519,1200:1200:1400:1400:1600:1600:1800:1800:2000:2000,0,1200:1400:1600:1800:2000:2200:2400:2600:2800:3000,0,0	//GS_FULLBUSTER#全彈齊射#
520,1000,0,0,0,0	//GS_SPREADATTACK#擴散攻擊#
521,1000,0,0,3000:6000:9000:12000:15000:18000:21000:24000:27000:30000,0	//GS_GROUNDDRIFT#大地漂流#

523,0,0,200,0,0	//NJ_SYURIKEN手媦C投擲#
524,0,0,200,0,0	//NJ_KUNAI#苦無投擲#
525,1000,0,200,0,0	//NJ_HUUMA#風魔手媦C投擲#
526,0,0,5000,0,0//NJ_ZENYNAGE#金錢投擲#
527,0,0,3000,0,3000//NJ_TATAMIGAESHI#榻榻米逆轉#
528,0,0,500,0,0	//NJ_KASUMIKIRI	#影跳躍#
529,0,0,0,0,0	//NJ_SHADOWJUMP	#霧切#
530,0,0,500,0,0	//NJ_KIRIKAGE	#影切#
531,3000,0,0,20000:30000:40000:50000:60000,0	//NJ_UTSUSEMI	#金蟬脫殼#
532,3000,0,0,60000:80000:100000:120000:140000:160000:180000:200000:220000:240000,0	//NJ_BUNSINJYUTSU#幻影分身#
534,700:1400:2100:2800:3500:4200:4900:5600:6300:7000,0,1000:1200:1400:1600:1800:2000:2200:2400:2600:2800,0,0	//NJ_KOUENKA#紅炎華#
535,3000,0,1000,0,0	//NJ_KAENSIN#火炎陣#
536,3000,0,1000,0,0	//NJ_BAKUENRYU#爆炎龍#
537,2500:3000:3500:4000:4500:5000:5500:6000:6500:7000,0,300,0,0	//NJ_HYOUSENSOU#冰閃槍#
538,3000,0,1000,15000:20000:25000:30000:35000:40000:45000:50000:55000:60000,15000:20000:25000:30000:35000:40000:45000:50000:55000:60000	//NJ_SUITON#水遁#
539,3000,0,1000:1200:1400:1600:1800:2000:2200:2400:2600:2800,0,10000:11000:12000:13000:14000:15000:16000:17000:18000:19000	//NJ_HYOUSYOURAKU#冰晶落#
540,700:1400:2100:2800:3500:4200:4900:5600:6300:7000,0,1000:1200:1400:1600:1800:2000:2200:2400:2600:2800,0,0	//NJ_HUUJIN#風刃#
541,3000,0,1000,0,0	//NJ_RAIGEKISAI#風刃#
542,3000,0,1000,0,0	//NJ_KAMAITACHI#雷擊碎#
543,1000,0,1000,30000:45000:60000:75000:90000,0	//NJ_NEN#念#
544,3000,0,2000,0,0	//NJ_ISSEN#一閃#

//衝鋒攻擊は３セル以下の基本詠唱で內部で２，３倍にしています
1001,500,0,1000,0,0//KN_CHARGEATK#衝鋒攻擊#
1002,0,0,0,300000,0//CR_SHRINK#退縮#
1004,0,0,200,0,0//AS_VENOMKNIFE#毒刃#
1005,0,0,0,15000,0//RG_CLOSECONFINE#緊密的約束#
1006,2000,0,0,120000,0//WZ_SIGHTBLASTER#火狩芽#
1008,2000,0,1000,1800000,0//
1009,0,0,200,0,0//HT_PHANTASMIC#幻影箭#
1010,0,0,2000,10000,0//BD_PANGVOICE#陣痛之聲#
1011,0,0,2000,10000,0//DC_WINKCHARM#眨眼之誘#
1013,0,0,1000,0,0//BS_GREED#貪婪#
1014,0,4000,0,0,0//PR_REDEMPTIO#捨身取義#
1015,2000,0,100,600000,0//MO_KITRANSLATION#振氣注入#
1016,0,0,2000,0,2000//MO_BALKYOUNG#發勁#
1017,2000,0,1000,1800000,0//
1018,2000,0,1000,1800000,0//
1019,2000,0,1000,1800000,0//

8001,0,0,1000,0,0	//HLIF_HEAL#治癒之手#
8002,0,0,0,40000:35000:30000:25000:20000,35000	//HLIF_AVOID#輕捷移動#
8004,0,0,0,60000:180000:300000,600000:900000:1200000	//HLIF_CHANGE#智力變換#
8006,0,0,0,40000:35000:30000:25000:20000,30000	//HAMI_DEFENCE#防禦力#
8008,0,0,0,60000:180000:300000,300000:600000:900000	//HAMI_BLOODLUST#血的貪求#
8009,0,0,1000,0,0	//HFLI_MOON#月光#
8010,0,0,0,60000:55000:50000:45000:40000,60000:70000:80000:90000:120000	//HFLI_FLEET#橫越速度#
8011,0,0,0,60000:55000:50000:45000:40000,60000:70000:80000:90000:120000	//HFLI_SPEED#緊急迴避#
8012,0,0,3000,0,0	//HFLI_SBR44#S.B.R.44#
8013,0,0,1000:1200:1400:1600:1800,0,0	//HVAN_CAPRICE#善變#
8014,0,0,1000,0,0	//HVAN_CHAOTIC#混亂的祈福#
8016,0,0,1000,0,0	//HVAN_EXPLOSION#生物爆炸#

//id,cast_list,fixed_cast_list,delay_list,upkeep_time,upkeep_time2
10010,0,0,0,60000,0	//GD_BATTLEORDER#下達戰鬥命令#
10011,0,1000,0,60000,0	//GD_REGENERATION#復興公會員體力#
10012,0,1000,0,0,0	//GD_RESTORE#恢復公會員體力#
10013,0,5000,0,0,0	//GD_EMERGENCYCALL#緊急呼叫#
