//skill_tree.txt＠AthenaDB計畫 2005/04/14 00:00:00 +0900 (JST)
// Upper,JobNo,Skill-ID,MaxLV,前提Skill-ID-1,前提Skill-ID-1-Lv,最多5個,
//	前提BaseLv,前提JobLv,○次職技能(如:0,一次:1,二次:2,三次以降:未對應)
//○次職技能：應該是不允許跳級。
//※性質上一次ソ轉職JOBямюゎ當サズスヘスゆギバ
//  вжゾJOB10ネザ上ァわゲギパソシウサ計算

// Novice
0,0,1,9,0,0,0,0,0,0,0,0,0,0,0,0,0//NV_BASIC	#基本技能#
0,0,142,1,0,0,0,0,0,0,0,0,0,0,0,0,0//NV_FIRSTAID	#緊急治療#
0,0,143,1,0,0,0,0,0,0,0,0,0,0,0,0,0//NV_TRICKDEAD	#裝死#

// Swordman
0,1,1,9,0,0,0,0,0,0,0,0,0,0,0,0,0//NV_BASIC	#基本技能#
0,1,2,10,0,0,0,0,0,0,0,0,0,0,0,0,1//SM_SWORD	#單手劍使用熟練度#
0,1,3,10,2,1,0,0,0,0,0,0,0,0,0,0,1//SM_TWOHAND	#雙手劍使用熟練度#
0,1,4,10,0,0,0,0,0,0,0,0,0,0,0,0,1//SM_RECOVERY	#快速回復#
0,1,5,10,0,0,0,0,0,0,0,0,0,0,0,0,1//SM_BASH	#狂擊#
0,1,6,10,0,0,0,0,0,0,0,0,0,0,0,0,1//SM_PROVOKE	#挑釁#
0,1,7,10,5,5,0,0,0,0,0,0,0,0,0,0,1//SM_MAGNUM	#怒爆#
0,1,8,10,6,5,0,0,0,0,0,0,0,0,0,0,1//SM_ENDURE	#霸體#
0,1,142,1,0,0,0,0,0,0,0,0,0,0,0,0,0//NV_FIRSTAID	#緊急治療#
0,1,144,1,0,0,0,0,0,0,0,0,0,0,0,0,1//SM_MOVINGRECOVERY	#移動時恢復HP#
0,1,145,1,0,0,0,0,0,0,0,0,0,0,0,0,1//SM_FATALBLOW	#攻擊弱點#
0,1,146,1,0,0,0,0,0,0,0,0,0,0,0,0,1//SM_AUTOBERSERK	#狂暴狀態#
// Magican
0,2,1,9,0,0,0,0,0,0,0,0,0,0,0,0,0//NV_BASIC	#基本技能#
0,2,9,10,0,0,0,0,0,0,0,0,0,0,0,0,1//MG_SRECOVERY	#禪心#
0,2,10,1,0,0,0,0,0,0,0,0,0,0,0,0,1//MG_SIGHT	#火狩#
0,2,11,10,0,0,0,0,0,0,0,0,0,0,0,0,1//MG_NAPALMBEAT	#心靈爆破#
0,2,12,10,11,7,13,5,0,0,0,0,0,0,0,0,1//MG_SAFETYWALL	#暗之障壁#
0,2,13,10,11,4,0,0,0,0,0,0,0,0,0,0,1//MG_SOULSTRIKE	#聖靈召喚#
0,2,14,10,0,0,0,0,0,0,0,0,0,0,0,0,1//MG_COLDBOLT	#冰箭術#
0,2,15,10,14,5,0,0,0,0,0,0,0,0,0,0,1//MG_FROSTDIVER	#冰凍術#
0,2,16,10,0,0,0,0,0,0,0,0,0,0,0,0,1//MG_STONECURSE	#石化術#
0,2,17,10,19,4,0,0,0,0,0,0,0,0,0,0,1//MG_FIREBALL	#火球術#
0,2,18,10,10,1,17,5,0,0,0,0,0,0,0,0,1//MG_FIREWALL	#火焰之壁#
0,2,19,10,0,0,0,0,0,0,0,0,0,0,0,0,1//MG_FIREBOLT	#火箭術#
0,2,20,10,0,0,0,0,0,0,0,0,0,0,0,0,1//MG_LIGHTNINGBOLT	#雷擊術#
0,2,21,10,20,4,0,0,0,0,0,0,0,0,0,0,1//MG_THUNDERSTORM	#雷爆術#
0,2,142,1,0,0,0,0,0,0,0,0,0,0,0,0,0//NV_FIRSTAID	#緊急治療#
0,2,157,1,0,0,0,0,0,0,0,0,0,0,0,0,1//MG_ENERGYCOAT	#能量外套#
// Archer
0,3,1,9,0,0,0,0,0,0,0,0,0,0,0,0,0//NV_BASIC	#基本技能#
0,3,43,10,0,0,0,0,0,0,0,0,0,0,0,0,1//AC_OWL	#鶚梟之眼#
0,3,44,10,43,3,0,0,0,0,0,0,0,0,0,0,1//AC_VULTURE	#蒼鷹之眼#
0,3,45,10,44,1,0,0,0,0,0,0,0,0,0,0,1//AC_CONCENTRATION	#心神凝聚#
0,3,46,10,0,0,0,0,0,0,0,0,0,0,0,0,1//AC_DOUBLE	#二連矢#
0,3,47,10,46,5,0,0,0,0,0,0,0,0,0,0,1//AC_SHOWER	#箭雨#
0,3,142,1,0,0,0,0,0,0,0,0,0,0,0,0,0//NV_FIRSTAID	#緊急治療#
0,3,147,1,0,0,0,0,0,0,0,0,0,0,0,0,1//AC_MAKINGARROW	#製作箭#
0,3,148,1,0,0,0,0,0,0,0,0,0,0,0,0,1//AC_CHARGEARROW	#衝鋒箭#
// Acolyte
0,4,1,9,0,0,0,0,0,0,0,0,0,0,0,0,0//NV_BASIC	#基本技能#
0,4,22,10,0,0,0,0,0,0,0,0,0,0,0,0,1//AL_DP	#天使之護#
0,4,23,10,22,3,0,0,0,0,0,0,0,0,0,0,1//AL_DEMONBANE	#天使之擊#
0,4,24,1,0,0,0,0,0,0,0,0,0,0,0,0,1//AL_RUWACH	#光獵#
0,4,25,1,27,4,0,0,0,0,0,0,0,0,0,0,1//AL_PNEUMA	#光之障壁#
0,4,26,2,24,1,0,0,0,0,0,0,0,0,0,0,1//AL_TELEPORT	#瞬間移動#
0,4,27,4,26,2,0,0,0,0,0,0,0,0,0,0,1//AL_WARP	#傳送之陣#
0,4,28,10,0,0,0,0,0,0,0,0,0,0,0,0,1//AL_HEAL	#治癒術#
0,4,29,10,28,3,0,0,0,0,0,0,0,0,0,0,1//AL_INCAGI	#加速術#
0,4,30,10,29,1,0,0,0,0,0,0,0,0,0,0,1//AL_DECAGI	#緩速術#
0,4,31,1,0,0,0,0,0,0,0,0,0,0,0,0,1//AL_HOLYWATER	#天使之淚#
0,4,32,10,23,3,0,0,0,0,0,0,0,0,0,0,1//AL_CRUCIS	#天使之光#
0,4,33,10,22,3,0,0,0,0,0,0,0,0,0,0,1//AL_ANGELUS	#天使之障壁#
0,4,34,10,22,5,0,0,0,0,0,0,0,0,0,0,1//AL_BLESSING	#天使之賜福#
0,4,35,1,28,2,0,0,0,0,0,0,0,0,0,0,1//AL_CURE	#治療術#
0,4,142,1,0,0,0,0,0,0,0,0,0,0,0,0,0//NV_FIRSTAID	#緊急治療#
0,4,156,1,0,0,0,0,0,0,0,0,0,0,0,0,1//AL_HOLYLIGHT	#神聖之光#
// Merchant
0,5,1,9,0,0,0,0,0,0,0,0,0,0,0,0,0//NV_BASIC	#基本技能#
0,5,36,10,0,0,0,0,0,0,0,0,0,0,0,0,1//MC_INCCARRY	#負重量上升#
0,5,37,10,36,3,0,0,0,0,0,0,0,0,0,0,1//MC_DISCOUNT	#低價買進#
0,5,38,10,37,3,0,0,0,0,0,0,0,0,0,0,1//MC_OVERCHARGE	#高價賣出#
0,5,39,10,36,5,0,0,0,0,0,0,0,0,0,0,1//MC_PUSHCART	#手推車使用#
0,5,40,1,0,0,0,0,0,0,0,0,0,0,0,0,1//MC_IDENTIFY	#物品鑑定#
0,5,41,10,39,3,0,0,0,0,0,0,0,0,0,0,1//MC_VENDING	#露天商店#
0,5,42,10,0,0,0,0,0,0,0,0,0,0,0,0,1//MC_MAMMONITE	#金錢攻擊#
0,5,142,1,0,0,0,0,0,0,0,0,0,0,0,0,0//NV_FIRSTAID	#緊急治療#
0,5,153,1,0,0,0,0,0,0,0,0,0,0,0,0,1//MC_CARTREVOLUTION	#手推車攻擊#
0,5,154,1,0,0,0,0,0,0,0,0,0,0,0,0,1//MC_CHANGECART	#改裝手推車#
0,5,155,1,0,0,0,0,0,0,0,0,0,0,0,0,1//MC_LOUD	#大聲吶喊#
// Thief
0,6,1,9,0,0,0,0,0,0,0,0,0,0,0,0,0//NV_BASIC	#基本技能#
0,6,48,10,0,0,0,0,0,0,0,0,0,0,0,0,1//TF_DOUBLE	#二刀連擊#
0,6,49,10,0,0,0,0,0,0,0,0,0,0,0,0,1//TF_MISS	#殘影#
0,6,50,10,0,0,0,0,0,0,0,0,0,0,0,0,1//TF_STEAL	#偷竊#
0,6,51,10,50,5,0,0,0,0,0,0,0,0,0,0,1//TF_HIDING	#隱匿#
0,6,52,10,0,0,0,0,0,0,0,0,0,0,0,0,1//TF_POISON	#施毒#
0,6,53,1,52,3,0,0,0,0,0,0,0,0,0,0,1//TF_DETOXIFY	#解毒#
0,6,142,1,0,0,0,0,0,0,0,0,0,0,0,0,0//NV_FIRSTAID	#緊急治療#
0,6,149,1,0,0,0,0,0,0,0,0,0,0,0,0,1//TF_SPRINKLESAND	#噴砂#
0,6,150,1,0,0,0,0,0,0,0,0,0,0,0,0,1//TF_BACKSLIDING	#後退迴避#
0,6,151,1,0,0,0,0,0,0,0,0,0,0,0,0,1//TF_PICKSTONE	#撿石頭#
0,6,152,1,0,0,0,0,0,0,0,0,0,0,0,0,1//TF_THROWSTONE	#投擲石頭#
// Knight
0,7,1,9,0,0,0,0,0,0,0,0,0,0,0,0,0//NV_BASIC	#基本技能#
0,7,2,10,0,0,0,0,0,0,0,0,0,0,0,0,1//SM_SWORD	#單手劍使用熟練度#
0,7,3,10,2,1,0,0,0,0,0,0,0,0,0,0,1//SM_TWOHAND	#雙手劍使用熟練度#
0,7,4,10,0,0,0,0,0,0,0,0,0,0,0,0,1//SM_RECOVERY	#快速回復#
0,7,5,10,0,0,0,0,0,0,0,0,0,0,0,0,1//SM_BASH	#狂擊#
0,7,6,10,0,0,0,0,0,0,0,0,0,0,0,0,1//SM_PROVOKE	#挑釁#
0,7,7,10,5,5,0,0,0,0,0,0,0,0,0,0,1//SM_MAGNUM	#怒爆#
0,7,8,10,6,5,0,0,0,0,0,0,0,0,0,0,1//SM_ENDURE	#霸體#
0,7,55,10,0,0,0,0,0,0,0,0,0,0,0,0,2//KN_SPEARMASTERY	#長矛使用熟練度#
0,7,56,10,55,1,0,0,0,0,0,0,0,0,0,0,2//KN_PIERCE	#連刺攻擊#
0,7,57,10,58,3,63,1,0,0,0,0,0,0,0,0,2//KN_BRANDISHSPEAR	#騎乘攻擊#
0,7,58,10,56,5,0,0,0,0,0,0,0,0,0,0,2//KN_SPEARSTAB	#長矛刺擊#
0,7,59,5,56,3,0,0,0,0,0,0,0,0,0,0,2//KN_SPEARBOOMERANG	#投擲長矛攻擊#
0,7,60,10,3,1,0,0,0,0,0,0,0,0,0,0,2//KN_TWOHANDQUICKEN	#雙手劍攻擊速度增加#
0,7,495,1,60,10,0,0,0,0,0,0,0,0,0,0,2//KN_ONEHAND	#單手劍攻擊速度增加#
0,7,61,5,3,1,0,0,0,0,0,0,0,0,0,0,2//KN_AUTOCOUNTER	#反擊#
0,7,62,10,3,5,5,10,7,3,60,10,61,5,0,0,2//KN_BOWLINGBASH	#怪物互擊#
0,7,63,1,8,1,0,0,0,0,0,0,0,0,0,0,2//KN_RIDING	#騎乘術#
0,7,64,10,63,1,0,0,0,0,0,0,0,0,0,0,2//KN_CAVALIERMASTERY	#騎兵修練#
0,7,142,1,0,0,0,0,0,0,0,0,0,0,0,0,0//NV_FIRSTAID	#緊急治療#
0,7,144,1,0,0,0,0,0,0,0,0,0,0,0,0,1//SM_MOVINGRECOVERY	#移動時恢復HP#
0,7,145,1,0,0,0,0,0,0,0,0,0,0,0,0,1//SM_FATALBLOW	#攻擊弱點#
0,7,146,1,0,0,0,0,0,0,0,0,0,0,0,0,1//SM_AUTOBERSERK	#狂暴狀態#
0,7,1001,1,0,0,0,0,0,0,0,0,0,0,0,0,2//KN_CHARGEATK#衝鋒攻擊#

// Priest
0,8,1,9,0,0,0,0,0,0,0,0,0,0,0,0,0//NV_BASIC	#基本技能#
0,8,9,10,0,0,0,0,0,0,0,0,0,0,0,0,2//MG_SRECOVERY	#禪心#
0,8,12,10,68,4,70,3,0,0,0,0,0,0,0,0,2//MG_SAFETYWALL	#暗之障壁#
0,8,22,10,0,0,0,0,0,0,0,0,0,0,0,0,1//AL_DP	#天使之護#
0,8,23,10,22,3,0,0,0,0,0,0,0,0,0,0,1//AL_DEMONBANE	#天使之擊#
0,8,24,1,0,0,0,0,0,0,0,0,0,0,0,0,1//AL_RUWACH	#光獵#
0,8,25,1,27,4,0,0,0,0,0,0,0,0,0,0,1//AL_PNEUMA	#光之障壁#
0,8,26,2,24,1,0,0,0,0,0,0,0,0,0,0,1//AL_TELEPORT	#瞬間移動#
0,8,27,4,26,2,0,0,0,0,0,0,0,0,0,0,1//AL_WARP	#傳送之陣#
0,8,28,10,0,0,0,0,0,0,0,0,0,0,0,0,1//AL_HEAL	#治癒術#
0,8,29,10,28,3,0,0,0,0,0,0,0,0,0,0,1//AL_INCAGI	#加速術#
0,8,30,10,29,1,0,0,0,0,0,0,0,0,0,0,1//AL_DECAGI	#緩速術#
0,8,31,1,0,0,0,0,0,0,0,0,0,0,0,0,1//AL_HOLYWATER	#天使之淚#
0,8,32,10,23,3,0,0,0,0,0,0,0,0,0,0,1//AL_CRUCIS	#天使之光#
0,8,33,10,22,3,0,0,0,0,0,0,0,0,0,0,1//AL_ANGELUS	#天使之障壁#
0,8,34,10,22,5,0,0,0,0,0,0,0,0,0,0,1//AL_BLESSING	#天使之賜福#
0,8,35,1,28,2,0,0,0,0,0,0,0,0,0,0,1//AL_CURE	#治療術#
0,8,54,4,9,4,72,1,0,0,0,0,0,0,0,0,2//ALL_RESURRECTION	#復活術#
0,8,65,10,0,0,0,0,0,0,0,0,0,0,0,0,2//PR_MACEMASTERY	#權杖使用熟練度#
0,8,66,5,0,0,0,0,0,0,0,0,0,0,0,0,2//PR_IMPOSITIO	#神威祈福#
0,8,67,3,66,2,0,0,0,0,0,0,0,0,0,0,2//PR_SUFFRAGIUM	#犧牲祈福#
0,8,68,5,31,1,66,3,0,0,0,0,0,0,0,0,2//PR_ASPERSIO	#撒水祈福#
0,8,69,5,68,5,75,3,0,0,0,0,0,0,0,0,2//PR_BENEDICTIO	#聖之祈福#
0,8,70,10,28,1,0,0,0,0,0,0,0,0,0,0,2//PR_SANCTUARY	#光耀之堂#
0,8,71,4,0,0,0,0,0,0,0,0,0,0,0,0,2//PR_SLOWPOISON	#緩毒術#
0,8,72,1,0,0,0,0,0,0,0,0,0,0,0,0,2//PR_STRECOVERY	#痊癒術#
0,8,73,10,33,2,0,0,0,0,0,0,0,0,0,0,2//PR_KYRIE	#霸邪之陣#
0,8,74,5,0,0,0,0,0,0,0,0,0,0,0,0,2//PR_MAGNIFICAT	#聖母之頌歌#
0,8,75,5,73,4,74,3,0,0,0,0,0,0,0,0,2//PR_GLORIA	#幸運之頌歌#
0,8,76,10,24,1,0,0,0,0,0,0,0,0,0,0,2//PR_LEXDIVINA	#沉默之術#
0,8,77,10,54,1,76,3,0,0,0,0,0,0,0,0,2//PR_TURNUNDEAD	#轉生術#
0,8,78,1,76,5,0,0,0,0,0,0,0,0,0,0,2//PR_LEXAETERNA	#天使之怒#
0,8,79,10,12,1,77,3,78,1,0,0,0,0,0,0,2//PR_MAGNUS	#十字驅魔攻擊#
0,8,142,1,0,0,0,0,0,0,0,0,0,0,0,0,0//NV_FIRSTAID	#緊急治療#
0,8,156,1,0,0,0,0,0,0,0,0,0,0,0,0,1//AL_HOLYLIGHT	#神聖之光#
0,8,1014,1,0,0,0,0,0,0,0,0,0,0,0,0,2//PR_REDEMPTIO#捨身取義#

// Wizard
0,9,1,9,0,0,0,0,0,0,0,0,0,0,0,0,0//NV_BASIC	#基本技能#
0,9,9,10,0,0,0,0,0,0,0,0,0,0,0,0,1//MG_SRECOVERY	#禪心#
0,9,10,1,0,0,0,0,0,0,0,0,0,0,0,0,1//MG_SIGHT	#火狩#
0,9,11,10,0,0,0,0,0,0,0,0,0,0,0,0,1//MG_NAPALMBEAT	#心靈爆破#
0,9,12,10,11,7,13,5,0,0,0,0,0,0,0,0,1//MG_SAFETYWALL	#暗之障壁#
0,9,13,10,11,4,0,0,0,0,0,0,0,0,0,0,1//MG_SOULSTRIKE	#聖靈召喚#
0,9,14,10,0,0,0,0,0,0,0,0,0,0,0,0,1//MG_COLDBOLT	#冰箭術#
0,9,15,10,14,5,0,0,0,0,0,0,0,0,0,0,1//MG_FROSTDIVER	#冰凍術#
0,9,16,10,0,0,0,0,0,0,0,0,0,0,0,0,1//MG_STONECURSE	#石化術#
0,9,17,10,19,4,0,0,0,0,0,0,0,0,0,0,1//MG_FIREBALL	#火球術#
0,9,18,10,10,1,17,5,0,0,0,0,0,0,0,0,1//MG_FIREWALL	#火焰之壁#
0,9,19,10,0,0,0,0,0,0,0,0,0,0,0,0,1//MG_FIREBOLT	#火箭術#
0,9,20,10,0,0,0,0,0,0,0,0,0,0,0,0,1//MG_LIGHTNINGBOLT	#雷擊術#
0,9,21,10,20,4,0,0,0,0,0,0,0,0,0,0,1//MG_THUNDERSTORM	#雷爆術#
0,9,80,10,18,1,0,0,0,0,0,0,0,0,0,0,2//WZ_FIREPILLAR	#火柱攻擊#
0,9,81,10,10,1,20,1,0,0,0,0,0,0,0,0,2//WZ_SIGHTRASHER	#火之獵殺#
0,9,83,10,21,1,81,2,0,0,0,0,0,0,0,0,2//WZ_METEOR	#隕石術#
0,9,84,10,11,1,20,1,0,0,0,0,0,0,0,0,2//WZ_JUPITEL	#雷鳴術#
0,9,85,10,21,1,84,5,0,0,0,0,0,0,0,0,2//WZ_VERMILION	#怒雷強擊#
0,9,86,5,14,1,20,1,0,0,0,0,0,0,0,0,2//WZ_WATERBALL	#水球術#
0,9,87,10,15,1,16,1,0,0,0,0,0,0,0,0,2//WZ_ICEWALL	#冰刃之牆#
0,9,88,10,87,1,0,0,0,0,0,0,0,0,0,0,2//WZ_FROSTNOVA	#霜凍之術#
0,9,89,10,15,1,84,3,0,0,0,0,0,0,0,0,2//WZ_STORMGUST	#暴風雪#
0,9,90,5,16,1,0,0,0,0,0,0,0,0,0,0,2//WZ_EARTHSPIKE	#地震術#
0,9,91,5,90,3,0,0,0,0,0,0,0,0,0,0,2//WZ_HEAVENDRIVE	#崩裂術#
0,9,92,5,91,1,0,0,0,0,0,0,0,0,0,0,2//WZ_QUAGMIRE	#泥沼地#
0,9,93,1,0,0,0,0,0,0,0,0,0,0,0,0,2//WZ_ESTIMATION	#怪物情報#
0,9,142,1,0,0,0,0,0,0,0,0,0,0,0,0,0//NV_FIRSTAID	#緊急治療#
0,9,157,1,0,0,0,0,0,0,0,0,0,0,0,0,1//MG_ENERGYCOAT	#能量外套#
0,9,1006,1,0,0,0,0,0,0,0,0,0,0,0,0,2//WZ_SIGHTBLASTER#火狩芽#

// Black Smith
0,10,1,9,0,0,0,0,0,0,0,0,0,0,0,0,0//NV_BASIC	#基本技能#
0,10,36,10,0,0,0,0,0,0,0,0,0,0,0,0,1//MC_INCCARRY	#負重量上升#
0,10,37,10,36,3,0,0,0,0,0,0,0,0,0,0,1//MC_DISCOUNT	#低價買進#
0,10,38,10,37,3,0,0,0,0,0,0,0,0,0,0,1//MC_OVERCHARGE	#高價賣出#
0,10,39,10,36,5,0,0,0,0,0,0,0,0,0,0,1//MC_PUSHCART	#手推車使用#
0,10,40,1,0,0,0,0,0,0,0,0,0,0,0,0,1//MC_IDENTIFY	#物品鑑定#
0,10,41,10,39,3,0,0,0,0,0,0,0,0,0,0,1//MC_VENDING	#露天商店#
0,10,42,10,0,0,0,0,0,0,0,0,0,0,0,0,1//MC_MAMMONITE	#金錢攻擊#
0,10,94,5,0,0,0,0,0,0,0,0,0,0,0,0,2//BS_IRON	#鐵製造#
0,10,95,5,94,1,0,0,0,0,0,0,0,0,0,0,2//BS_STEEL	#鋼製造#
0,10,96,5,0,0,0,0,0,0,0,0,0,0,0,0,2//BS_ENCHANTEDSTONE	#屬性石製造#
0,10,97,10,96,1,0,0,0,0,0,0,0,0,0,0,2//BS_ORIDEOCON	#神之金屬研究#
0,10,98,3,0,0,0,0,0,0,0,0,0,0,0,0,2//BS_DAGGER	#短劍製作#
0,10,99,3,98,1,0,0,0,0,0,0,0,0,0,0,2//BS_SWORD	#劍製作#
0,10,100,3,99,1,0,0,0,0,0,0,0,0,0,0,2//BS_TWOHANDSWORD	#雙手劍製作#
0,10,101,3,99,2,0,0,0,0,0,0,0,0,0,0,2//BS_AXE	#斧頭製作#
0,10,102,3,103,1,0,0,0,0,0,0,0,0,0,0,2//BS_MACE	#權杖製作#
0,10,103,3,98,1,0,0,0,0,0,0,0,0,0,0,2//BS_KNUCKLE	#拳套製作#
0,10,104,3,98,2,0,0,0,0,0,0,0,0,0,0,2//BS_SPEAR	#長矛-製作#
0,10,105,1,0,0,0,0,0,0,0,0,0,0,0,0,2//BS_HILTBINDING	#武器保有#
0,10,106,1,95,1,105,1,0,0,0,0,0,0,0,0,2//BS_FINDINGORE	#尋找礦石#
0,10,107,10,105,1,0,0,0,0,0,0,0,0,0,0,2//BS_WEAPONRESEARCH	#武器研究#
0,10,108,1,107,1,0,0,0,0,0,0,0,0,0,0,2//BS_REPAIRWEAPON	#武器修理#
0,10,109,5,0,0,0,0,0,0,0,0,0,0,0,0,2//BS_SKINTEMPER	#強化火屬性#
0,10,110,5,0,0,0,0,0,0,0,0,0,0,0,0,2//BS_HAMMERFALL	#大地之擊#
0,10,111,5,110,2,0,0,0,0,0,0,0,0,0,0,2//BS_ADRENALINE	#速度激發#
0,10,112,5,107,2,111,2,0,0,0,0,0,0,0,0,2//BS_WEAPONPERFECT	#無視體型攻擊#
0,10,113,5,111,3,0,0,0,0,0,0,0,0,0,0,2//BS_OVERTHRUST	#凶砍#
0,10,114,5,112,3,113,2,0,0,0,0,0,0,0,0,2//BS_MAXIMIZE	#武器值最大化#
0,10,142,1,0,0,0,0,0,0,0,0,0,0,0,0,0//NV_FIRSTAID	#緊急治療#
0,10,153,1,0,0,0,0,0,0,0,0,0,0,0,0,1//MC_CARTREVOLUTION	#手推車攻擊#
0,10,154,1,0,0,0,0,0,0,0,0,0,0,0,0,1//MC_CHANGECART	#改裝手推車#
0,10,155,1,0,0,0,0,0,0,0,0,0,0,0,0,1//MC_LOUD	#大聲吶喊#
0,10,1012,1,0,0,0,0,0,0,0,0,0,0,0,0,2//BS_UNFAIRLYTRICK#詭計的商術#
0,10,1013,1,0,0,0,0,0,0,0,0,0,0,0,0,2//BS_GREED#貪婪#

// Hunter
0,11,1,9,0,0,0,0,0,0,0,0,0,0,0,0,0//NV_BASIC	#基本技能#
0,11,43,10,0,0,0,0,0,0,0,0,0,0,0,0,1//AC_OWL	#鶚梟之眼#
0,11,44,10,43,3,0,0,0,0,0,0,0,0,0,0,1//AC_VULTURE	#蒼鷹之眼#
0,11,45,10,44,1,0,0,0,0,0,0,0,0,0,0,1//AC_CONCENTRATION	#心神凝聚#
0,11,46,10,0,0,0,0,0,0,0,0,0,0,0,0,1//AC_DOUBLE	#二連矢#
0,11,47,10,46,5,0,0,0,0,0,0,0,0,0,0,1//AC_SHOWER	#箭雨#
0,11,115,5,0,0,0,0,0,0,0,0,0,0,0,0,2//HT_SKIDTRAP	#滑動陷阱#
0,11,116,5,0,0,0,0,0,0,0,0,0,0,0,0,2//HT_LANDMINE	#地雷陷阱#
0,11,117,5,115,1,0,0,0,0,0,0,0,0,0,0,2//HT_ANKLESNARE	#定位陷阱#
0,11,118,5,117,1,0,0,0,0,0,0,0,0,0,0,2//HT_SHOCKWAVE	#魔耗陷阱#
0,11,119,5,120,1,0,0,0,0,0,0,0,0,0,0,2//HT_SANDMAN	#睡魔陷阱#
0,11,120,5,115,1,0,0,0,0,0,0,0,0,0,0,2//HT_FLASHER	#強光陷阱#
0,11,121,5,120,1,0,0,0,0,0,0,0,0,0,0,2//HT_FREEZINGTRAP	#霜凍陷阱#
0,11,122,5,116,1,119,1,121,1,0,0,0,0,0,0,2//HT_BLASTMINE	#定時爆炸陷阱#
0,11,123,5,118,1,122,1,0,0,0,0,0,0,0,0,2//HT_CLAYMORETRAP	#爆散陷阱#
0,11,124,1,116,1,0,0,0,0,0,0,0,0,0,0,2//HT_REMOVETRAP	#陷阱移除#
0,11,125,1,118,1,124,1,0,0,0,0,0,0,0,0,2//HT_TALKIEBOX	#陷阱探查#
0,11,126,10,0,0,0,0,0,0,0,0,0,0,0,0,2//HT_BEASTBANE	#動物殺手#
0,11,127,1,126,1,0,0,0,0,0,0,0,0,0,0,2//HT_FALCON	#馴鷹術#
0,11,128,10,129,5,0,0,0,0,0,0,0,0,0,0,2//HT_STEELCROW	#鋼製喙#
0,11,129,5,127,1,0,0,0,0,0,0,0,0,0,0,2//HT_BLITZBEAT	#閃電衝擊#
0,11,130,4,45,1,127,1,0,0,0,0,0,0,0,0,2//HT_DETECTING	#獵鷹尋敵#
0,11,131,5,124,1,127,1,0,0,0,0,0,0,0,0,2//HT_SPRINGTRAP	#爆破陷阱#
0,11,142,1,0,0,0,0,0,0,0,0,0,0,0,0,0//NV_FIRSTAID	#緊急治療#
0,11,147,1,0,0,0,0,0,0,0,0,0,0,0,0,1//AC_MAKINGARROW	#製作箭#
0,11,148,1,0,0,0,0,0,0,0,0,0,0,0,0,1//AC_CHARGEARROW	#衝鋒箭#
0,11,1009,1,0,0,0,0,0,0,0,0,0,0,0,0,2//HT_PHANTASMIC#幻影箭#

// Assassin
0,12,1,9,0,0,0,0,0,0,0,0,0,0,0,0,0//NV_BASIC	#基本技能#
0,12,48,10,0,0,0,0,0,0,0,0,0,0,0,0,1//TF_DOUBLE	#二刀連擊#
0,12,49,10,0,0,0,0,0,0,0,0,0,0,0,0,1//TF_MISS	#殘影#
0,12,50,10,0,0,0,0,0,0,0,0,0,0,0,0,1//TF_STEAL	#偷竊#
0,12,51,10,50,5,0,0,0,0,0,0,0,0,0,0,1//TF_HIDING	#隱匿#
0,12,52,10,0,0,0,0,0,0,0,0,0,0,0,0,1//TF_POISON	#施毒#
0,12,53,1,52,3,0,0,0,0,0,0,0,0,0,0,1//TF_DETOXIFY	#解毒#
0,12,132,5,0,0,0,0,0,0,0,0,0,0,0,0,2//AS_RIGHT	#右手-修練#
0,12,133,5,132,2,0,0,0,0,0,0,0,0,0,0,2//AS_LEFT	#左手-修練#
0,12,134,10,0,0,0,0,0,0,0,0,0,0,0,0,2//AS_KATAR	#拳刃-修練#
0,12,135,10,51,2,0,0,0,0,0,0,0,0,0,0,2//AS_CLOAKING	#偽裝#
0,12,136,10,134,4,0,0,0,0,0,0,0,0,0,0,2//AS_SONICBLOW	#音速投擲#
0,12,137,5,135,2,136,5,0,0,0,0,0,0,0,0,2//AS_GRIMTOOTH	#無影之牙#
0,12,138,10,52,1,0,0,0,0,0,0,0,0,0,0,2//AS_ENCHANTPOISON	#塗毒#
0,12,139,10,138,3,0,0,0,0,0,0,0,0,0,0,2//AS_POISONREACT	#毒性反彈#
0,12,140,10,138,5,0,0,0,0,0,0,0,0,0,0,2//AS_VENOMDUST	#病毒散撥#
0,12,141,10,139,5,140,5,0,0,0,0,0,0,0,0,2//AS_SPLASHER	#毒性感染#
0,12,142,1,0,0,0,0,0,0,0,0,0,0,0,0,0//NV_FIRSTAID	#緊急治療#
0,12,149,1,0,0,0,0,0,0,0,0,0,0,0,0,1//TF_SPRINKLESAND	#噴砂#
0,12,150,1,0,0,0,0,0,0,0,0,0,0,0,0,1//TF_BACKSLIDING	#後退迴避#
0,12,151,1,0,0,0,0,0,0,0,0,0,0,0,0,1//TF_PICKSTONE	#撿石頭#
0,12,152,1,0,0,0,0,0,0,0,0,0,0,0,0,1//TF_THROWSTONE	#投擲石頭#
0,12,1003,1,0,0,0,0,0,0,0,0,0,0,0,0,2//AS_SONICACCEL#超音速投擲#
0,12,1004,1,0,0,0,0,0,0,0,0,0,0,0,0,2//AS_SONICACCEL#毒刃#

// Crusader
0,14,1,9,0,0,0,0,0,0,0,0,0,0,0,0,0//NV_BASIC	#基本技能#
0,14,2,10,0,0,0,0,0,0,0,0,0,0,0,0,1//SM_SWORD	#單手劍使用熟練度#
0,14,3,10,2,1,0,0,0,0,0,0,0,0,0,0,1//SM_TWOHAND	#雙手劍使用熟練度#
0,14,4,10,0,0,0,0,0,0,0,0,0,0,0,0,1//SM_RECOVERY	#快速回復#
0,14,5,10,0,0,0,0,0,0,0,0,0,0,0,0,1//SM_BASH	#狂擊#
0,14,6,10,0,0,0,0,0,0,0,0,0,0,0,0,1//SM_PROVOKE	#挑釁#
0,14,7,10,5,5,0,0,0,0,0,0,0,0,0,0,1//SM_MAGNUM	#怒爆#
0,14,8,10,6,5,0,0,0,0,0,0,0,0,0,0,1//SM_ENDURE	#霸體#
0,14,22,10,35,1,0,0,0,0,0,0,0,0,0,0,2//AL_DP	#天使之護#
0,14,23,10,22,3,0,0,0,0,0,0,0,0,0,0,2//AL_DEMONBANE	#天使之擊#
0,14,28,10,23,5,248,10,0,0,0,0,0,0,0,0,2//AL_HEAL	#治癒術#
0,14,35,1,248,5,0,0,0,0,0,0,0,0,0,0,2//AL_CURE	#治療術#
0,14,55,10,0,0,0,0,0,0,0,0,0,0,0,0,2//KN_SPEARMASTERY	#長矛使用熟練度#
0,14,63,1,8,1,0,0,0,0,0,0,0,0,0,0,2//KN_RIDING	#騎乘術#
0,14,64,10,63,1,0,0,0,0,0,0,0,0,0,0,2//KN_CAVALIERMASTERY	#騎兵修練#
0,14,142,1,0,0,0,0,0,0,0,0,0,0,0,0,0//NV_FIRSTAID	#緊急治療#
0,14,144,1,0,0,0,0,0,0,0,0,0,0,0,0,1//SM_MOVINGRECOVERY	#移動時恢復HP#
0,14,145,1,0,0,0,0,0,0,0,0,0,0,0,0,1//SM_FATALBLOW	#攻擊弱點#
0,14,146,1,0,0,0,0,0,0,0,0,0,0,0,0,1//SM_AUTOBERSERK	#狂暴狀態#
0,14,248,10,0,0,0,0,0,0,0,0,0,0,0,0,2//CR_TRUST	#信任#
0,14,249,10,0,0,0,0,0,0,0,0,0,0,0,0,2//CR_AUTOGUARD	#自動防禦#
0,14,250,5,249,5,0,0,0,0,0,0,0,0,0,0,2//CR_SHIELDCHARGE	#盾擊#
0,14,251,5,250,3,0,0,0,0,0,0,0,0,0,0,2//CR_SHIELDBOOMERANG	#迴旋盾擊#
0,14,252,10,251,3,0,0,0,0,0,0,0,0,0,0,2//CR_REFLECTSHIELD	#反射盾#
0,14,253,10,248,7,0,0,0,0,0,0,0,0,0,0,2//CR_HOLYCROSS	#聖十字攻擊#
0,14,254,10,248,10,253,6,0,0,0,0,0,0,0,0,2//CR_GRANDCROSS	#聖十字審判#
0,14,255,5,252,5,254,4,0,0,0,0,0,0,0,0,2//CR_DEVOTION	#犧牲#
0,14,256,5,22,5,28,5,0,0,0,0,0,0,0,0,2//CR_PROVIDENCE	#神祐之光#
0,14,257,5,251,1,0,0,0,0,0,0,0,0,0,0,2//CR_DEFENDER	#光之盾#
0,14,258,10,55,10,0,0,0,0,0,0,0,0,0,0,2//CR_SPEARQUICKEN	#長矛加速術#
0,14,1002,1,0,0,0,0,0,0,0,0,0,0,0,0,2//CR_SHRINK#退縮#

// Monk
0,15,1,9,0,0,0,0,0,0,0,0,0,0,0,0,0//NV_BASIC	#基本技能#
0,15,22,10,0,0,0,0,0,0,0,0,0,0,0,0,1//AL_DP	#天使之護#
0,15,23,10,22,3,0,0,0,0,0,0,0,0,0,0,1//AL_DEMONBANE	#天使之擊#
0,15,24,1,0,0,0,0,0,0,0,0,0,0,0,0,1//AL_RUWACH	#光獵#
0,15,25,1,27,4,0,0,0,0,0,0,0,0,0,0,1//AL_PNEUMA	#光之障壁#
0,15,26,2,24,1,0,0,0,0,0,0,0,0,0,0,1//AL_TELEPORT	#瞬間移動#
0,15,27,4,26,2,0,0,0,0,0,0,0,0,0,0,1//AL_WARP	#傳送之陣#
0,15,28,10,0,0,0,0,0,0,0,0,0,0,0,0,1//AL_HEAL	#治癒術#
0,15,29,10,28,3,0,0,0,0,0,0,0,0,0,0,1//AL_INCAGI	#加速術#
0,15,30,10,29,1,0,0,0,0,0,0,0,0,0,0,1//AL_DECAGI	#緩速術#
0,15,31,1,0,0,0,0,0,0,0,0,0,0,0,0,1//AL_HOLYWATER	#天使之淚#
0,15,32,10,23,3,0,0,0,0,0,0,0,0,0,0,1//AL_CRUCIS	#天使之光#
0,15,33,10,22,3,0,0,0,0,0,0,0,0,0,0,1//AL_ANGELUS	#天使之障壁#
0,15,34,10,22,5,0,0,0,0,0,0,0,0,0,0,1//AL_BLESSING	#天使之賜福#
0,15,35,1,28,2,0,0,0,0,0,0,0,0,0,0,1//AL_CURE	#治療術#
0,15,142,1,0,0,0,0,0,0,0,0,0,0,0,0,0//NV_FIRSTAID	#緊急治療#
0,15,156,1,0,0,0,0,0,0,0,0,0,0,0,0,1//AL_HOLYLIGHT	#神聖之光#
0,15,259,10,22,10,23,10,0,0,0,0,0,0,0,0,2//MO_IRONHAND	#鐵沙掌#
0,15,260,5,269,2,0,0,0,0,0,0,0,0,0,0,2//MO_SPIRITSRECOVERY	#運氣調息#
0,15,261,5,259,2,0,0,0,0,0,0,0,0,0,0,2//MO_CALLSPIRITS	#蓄氣#
0,15,262,1,261,5,0,0,0,0,0,0,0,0,0,0,2//MO_ABSORBSPIRITS	#吸氣#
0,15,263,10,265,5,0,0,0,0,0,0,0,0,0,0,2//MO_TRIPLEATTACK	#六合拳#
0,15,264,1,260,2,268,3,271,3,0,0,0,0,0,0,2//MO_BODYRELOCATION	#弓身彈影#
0,15,265,10,259,5,261,5,0,0,0,0,0,0,0,0,2//MO_DODGE	#移花接木#
0,15,266,5,261,5,0,0,0,0,0,0,0,0,0,0,2//MO_INVESTIGATE	#浸透勁#
0,15,267,5,266,3,0,0,0,0,0,0,0,0,0,0,2//MO_FINGEROFFENSIVE	#彈指神通#
0,15,268,5,273,3,0,0,0,0,0,0,0,0,0,0,2//MO_STEELBODY	#金剛不壞#
0,15,269,5,265,5,0,0,0,0,0,0,0,0,0,0,2//MO_BLADESTOP	#真劍百破道#
0,15,270,5,262,1,0,0,0,0,0,0,0,0,0,0,2//MO_EXPLOSIONSPIRITS	#爆氣#
0,15,271,5,267,3,270,3,0,0,0,0,0,0,0,0,2//MO_EXTREMITYFIST	#阿修羅霸凰拳#
0,15,272,5,263,5,0,0,0,0,0,0,0,0,0,0,2//MO_CHAINCOMBO	#連環全身掌#
0,15,273,5,272,3,0,0,0,0,0,0,0,0,0,0,2//MO_COMBOFINISH	#猛龍誇強#
0,15,1015,1,0,0,0,0,0,0,0,0,0,0,0,0,2//MO_KITRANSLATION#振氣注入#
0,15,1016,1,0,0,0,0,0,0,0,0,0,0,0,0,2//MO_BALKYOUNG#發勁#

// Sage
0,16,1,9,0,0,0,0,0,0,0,0,0,0,0,0,0//NV_BASIC	#基本技能#
0,16,9,10,0,0,0,0,0,0,0,0,0,0,0,0,1//MG_SRECOVERY	#禪心#
0,16,10,1,0,0,0,0,0,0,0,0,0,0,0,0,1//MG_SIGHT	#火狩#
0,16,11,10,0,0,0,0,0,0,0,0,0,0,0,0,1//MG_NAPALMBEAT	#心靈爆破#
0,16,12,10,11,7,13,5,0,0,0,0,0,0,0,0,1//MG_SAFETYWALL	#暗之障壁#
0,16,13,10,11,4,0,0,0,0,0,0,0,0,0,0,1//MG_SOULSTRIKE	#聖靈召喚#
0,16,14,10,0,0,0,0,0,0,0,0,0,0,0,0,1//MG_COLDBOLT	#冰箭術#
0,16,15,10,14,5,0,0,0,0,0,0,0,0,0,0,1//MG_FROSTDIVER	#冰凍術#
0,16,16,10,0,0,0,0,0,0,0,0,0,0,0,0,1//MG_STONECURSE	#石化術#
0,16,17,10,19,4,0,0,0,0,0,0,0,0,0,0,1//MG_FIREBALL	#火球術#
0,16,18,10,10,1,17,5,0,0,0,0,0,0,0,0,1//MG_FIREWALL	#火焰之壁#
0,16,19,10,0,0,0,0,0,0,0,0,0,0,0,0,1//MG_FIREBOLT	#火箭術#
0,16,20,10,0,0,0,0,0,0,0,0,0,0,0,0,1//MG_LIGHTNINGBOLT	#雷擊術#
0,16,21,10,20,4,0,0,0,0,0,0,0,0,0,0,1//MG_THUNDERSTORM	#雷爆術#
0,16,90,5,283,1,0,0,0,0,0,0,0,0,0,0,2//WZ_EARTHSPIKE	#地震術#
0,16,91,5,90,1,0,0,0,0,0,0,0,0,0,0,2//WZ_HEAVENDRIVE	#崩裂術#
0,16,93,1,0,0,0,0,0,0,0,0,0,0,0,0,2//WZ_ESTIMATION	#怪物情報#
0,16,142,1,0,0,0,0,0,0,0,0,0,0,0,0,0//NV_FIRSTAID	#緊急治療#
0,16,157,1,0,0,0,0,0,0,0,0,0,0,0,0,1//MG_ENERGYCOAT	#能量外套#
0,16,274,10,0,0,0,0,0,0,0,0,0,0,0,0,2//SA_ADVANCEDBOOK	#進化之書#
0,16,275,5,274,2,0,0,0,0,0,0,0,0,0,0,2//SA_CASTCANCEL	#取消施法#
0,16,276,5,274,4,0,0,0,0,0,0,0,0,0,0,2//SA_MAGICROD	#魔法懲罰#
0,16,277,5,276,1,0,0,0,0,0,0,0,0,0,0,2//SA_SPELLBREAKER	#念咒拆除#
0,16,278,10,275,1,0,0,0,0,0,0,0,0,0,0,2//SA_FREECAST	#自由施法#
0,16,279,10,278,4,0,0,0,0,0,0,0,0,0,0,2//SA_AUTOSPELL	#自動念咒#
0,16,280,5,19,1,274,5,0,0,0,0,0,0,0,0,2//SA_FLAMELAUNCHER	#火焰屬性附加#
0,16,281,5,14,1,274,5,0,0,0,0,0,0,0,0,2//SA_FROSTWEAPON	#水屬性附加#
0,16,282,5,20,1,274,5,0,0,0,0,0,0,0,0,2//SA_LIGHTNINGLOADER	#風屬性附加#
0,16,283,5,16,1,274,5,0,0,0,0,0,0,0,0,2//SA_SEISMICWEAPON	#地屬性附加#
0,16,284,5,274,9,0,0,0,0,0,0,0,0,0,0,2//SA_DRAGONOLOGY	#龍知識#
0,16,285,5,280,2,0,0,0,0,0,0,0,0,0,0,2//SA_VOLCANO	#火元素領域#
0,16,286,5,281,2,0,0,0,0,0,0,0,0,0,0,2//SA_DELUGE	#水元素領域#
0,16,287,5,282,2,0,0,0,0,0,0,0,0,0,0,2//SA_VIOLENTGALE	#風元素領域#
0,16,288,5,285,3,286,3,287,3,0,0,0,0,0,0,2//SA_LANDPROTECTOR	#地元素領域#
0,16,289,5,277,3,0,0,0,0,0,0,0,0,0,0,2//SA_DISPELL	#魔法效果解除#
0,16,290,10,279,5,288,1,289,1,0,0,0,0,0,0,2//SA_ABRACADABRA	#隨機技能#
0,16,1007,1,0,0,0,0,0,0,0,0,0,0,0,0,2//SA_CREATECON#元素肯貝特 製作#
0,16,1008,1,0,0,0,0,0,0,0,0,0,0,0,0,2//SA_ELEMENTALWATER#元素更換(水)#
0,16,1017,1,0,0,0,0,0,0,0,0,0,0,0,0,2//SA_ELEMENTALGROUND#元素更換(地)#
0,16,1018,1,0,0,0,0,0,0,0,0,0,0,0,0,2//SA_ELEMENTALFIRE#元素更換(火)#
0,16,1019,1,0,0,0,0,0,0,0,0,0,0,0,0,2//SA_ELEMENTALWIND#元素更換(風)#

// Rogue
0,17,1,9,0,0,0,0,0,0,0,0,0,0,0,0,0//NV_BASIC	#基本技能#
0,17,2,10,0,0,0,0,0,0,0,0,0,0,0,0,2//SM_SWORD	#單手劍使用熟練度#
0,17,44,10,0,0,0,0,0,0,0,0,0,0,0,0,2//AC_VULTURE	#蒼鷹之眼#
0,17,46,10,44,10,0,0,0,0,0,0,0,0,0,0,2//AC_DOUBLE	#二連矢#
0,17,48,10,0,0,0,0,0,0,0,0,0,0,0,0,1//TF_DOUBLE	#二刀連擊#
0,17,49,10,0,0,0,0,0,0,0,0,0,0,0,0,1//TF_MISS	#殘影#
0,17,50,10,0,0,0,0,0,0,0,0,0,0,0,0,1//TF_STEAL	#偷竊#
0,17,51,10,50,5,0,0,0,0,0,0,0,0,0,0,1//TF_HIDING	#隱匿#
0,17,52,10,0,0,0,0,0,0,0,0,0,0,0,0,1//TF_POISON	#施毒#
0,17,53,1,52,3,0,0,0,0,0,0,0,0,0,0,1//TF_DETOXIFY	#解毒#
0,17,124,1,46,5,0,0,0,0,0,0,0,0,0,0,2//HT_REMOVETRAP	#陷阱移除#
0,17,142,1,0,0,0,0,0,0,0,0,0,0,0,0,0//NV_FIRSTAID	#緊急治療#
0,17,149,1,0,0,0,0,0,0,0,0,0,0,0,0,1//TF_SPRINKLESAND	#噴砂#
0,17,150,1,0,0,0,0,0,0,0,0,0,0,0,0,1//TF_BACKSLIDING	#後退迴避#
0,17,151,1,0,0,0,0,0,0,0,0,0,0,0,0,1//TF_PICKSTONE	#撿石頭#
0,17,152,1,0,0,0,0,0,0,0,0,0,0,0,0,1//TF_THROWSTONE	#投擲石頭#
0,17,210,10,50,1,0,0,0,0,0,0,0,0,0,0,2//RG_SNATCHER	#強奪#
0,17,211,10,210,4,0,0,0,0,0,0,0,0,0,0,2//RG_STEALCOIN	#偷錢#
0,17,212,10,211,4,0,0,0,0,0,0,0,0,0,0,2//RG_BACKSTAP	#背刺#
0,17,213,5,51,1,0,0,0,0,0,0,0,0,0,0,2//RG_TUNNELDRIVE	#潛遁#
0,17,214,5,212,2,213,2,0,0,0,0,0,0,0,0,2//RG_RAID	#潛擊#
0,17,215,5,217,5,0,0,0,0,0,0,0,0,0,0,2//RG_STRIPWEAPON	#卸除武器#
0,17,216,5,218,5,0,0,0,0,0,0,0,0,0,0,2//RG_STRIPSHIELD	#卸除盾牌#
0,17,217,5,216,5,0,0,0,0,0,0,0,0,0,0,2//RG_STRIPARMOR	#卸除鎧甲#
0,17,218,5,211,2,0,0,0,0,0,0,0,0,0,0,2//RG_STRIPHELM	#卸除頭盔#
0,17,219,5,212,4,214,5,0,0,0,0,0,0,0,0,2//RG_INTIMIDATE	#脅持#
0,17,220,1,221,5,0,0,0,0,0,0,0,0,0,0,2//RG_GRAFFITI	#塗鴉#
0,17,221,5,222,1,0,0,0,0,0,0,0,0,0,0,2//RG_FLAGGRAFFITI	#旗幟塗鴉#
0,17,222,1,223,1,0,0,0,0,0,0,0,0,0,0,2//RG_CLEANER	#清洗#
0,17,223,1,216,3,0,0,0,0,0,0,0,0,0,0,2//RG_GANGSTER	#流氓天國#
0,17,224,5,223,1,0,0,0,0,0,0,0,0,0,0,2//RG_COMPULSION	#強制減價#
0,17,225,10,219,5,0,0,0,0,0,0,0,0,0,0,2//RG_PLAGIARISM	#抄襲#
0,17,1005,1,0,0,0,0,0,0,0,0,0,0,0,0,2//RG_CLOSECONFINE#緊密的約束#

// Alchemist
0,18,1,9,0,0,0,0,0,0,0,0,0,0,0,0,0//NV_BASIC	#基本技能#
0,18,36,10,0,0,0,0,0,0,0,0,0,0,0,0,1//MC_INCCARRY	#負重量上升#
0,18,37,10,36,3,0,0,0,0,0,0,0,0,0,0,1//MC_DISCOUNT	#低價買進#
0,18,38,10,37,3,0,0,0,0,0,0,0,0,0,0,1//MC_OVERCHARGE	#高價賣出#
0,18,39,10,36,5,0,0,0,0,0,0,0,0,0,0,1//MC_PUSHCART	#手推車使用#
0,18,40,1,0,0,0,0,0,0,0,0,0,0,0,0,1//MC_IDENTIFY	#物品鑑定#
0,18,41,10,39,3,0,0,0,0,0,0,0,0,0,0,1//MC_VENDING	#露天商店#
0,18,42,10,0,0,0,0,0,0,0,0,0,0,0,0,1//MC_MAMMONITE	#金錢攻擊#
0,18,142,1,0,0,0,0,0,0,0,0,0,0,0,0,0//NV_FIRSTAID	#緊急治療#
0,18,153,1,0,0,0,0,0,0,0,0,0,0,0,0,1//MC_CARTREVOLUTION	#手推車攻擊#
0,18,154,1,0,0,0,0,0,0,0,0,0,0,0,0,1//MC_CHANGECART	#改裝手推車#
0,18,155,1,0,0,0,0,0,0,0,0,0,0,0,0,1//MC_LOUD	#大聲吶喊#
0,18,226,10,0,0,0,0,0,0,0,0,0,0,0,0,2//AM_AXEMASTERY	#斧頭使用熟練度#
0,18,227,10,0,0,0,0,0,0,0,0,0,0,0,0,2//AM_LEARNINGPOTION	#知識藥水#
0,18,228,10,227,5,0,0,0,0,0,0,0,0,0,0,2//AM_PHARMACY	#配藥#
0,18,229,5,228,4,0,0,0,0,0,0,0,0,0,0,2//AM_DEMONSTRATION	#火煙瓶投擲#
0,18,230,5,228,5,0,0,0,0,0,0,0,0,0,0,2//AM_ACIDTERROR	#強酸攻擊#
0,18,231,5,228,3,0,0,0,0,0,0,0,0,0,0,2//AM_POTIONPITCHER	#藥水投擲#
0,18,232,5,228,6,0,0,0,0,0,0,0,0,0,0,2//AM_CANNIBALIZE	#生物調撥#
0,18,233,5,228,2,0,0,0,0,0,0,0,0,0,0,2//AM_SPHEREMINE	#氣泡蟲召喚#
0,18,234,5,236,3,0,0,0,0,0,0,0,0,0,0,2//AM_CP_WEAPON	#化學武器保護#
0,18,235,5,237,3,0,0,0,0,0,0,0,0,0,0,2//AM_CP_SHIELD	#化學盾牌保護#
0,18,236,5,235,3,0,0,0,0,0,0,0,0,0,0,2//AM_CP_ARMOR	#化學鎧甲保護#
0,18,237,5,228,2,0,0,0,0,0,0,0,0,0,0,2//AM_CP_HELM	#化學頭盔保護#
0,18,238,1,0,0,0,0,0,0,0,0,0,0,0,0,2//AM_BIOETHICS	#生命倫理#
0,18,243,1,244,1,0,0,0,0,0,0,0,0,0,0,2//AM_CALLHOMUN	#生命體召喚#
0,18,244,1,238,1,0,0,0,0,0,0,0,0,0,0,2//AM_REST	#安息#
0,18,247,5,243,1,0,0,0,0,0,0,0,0,0,0,2//AM_RESURRECTHOMUN	#復活生命體#

// Bard
0,19,1,9,0,0,0,0,0,0,0,0,0,0,0,0,0//NV_BASIC	#基本技能#
0,19,43,10,0,0,0,0,0,0,0,0,0,0,0,0,1//AC_OWL	#鶚梟之眼#
0,19,44,10,43,3,0,0,0,0,0,0,0,0,0,0,1//AC_VULTURE	#蒼鷹之眼#
0,19,45,10,44,1,0,0,0,0,0,0,0,0,0,0,1//AC_CONCENTRATION	#心神凝聚#
0,19,46,10,0,0,0,0,0,0,0,0,0,0,0,0,1//AC_DOUBLE	#二連矢#
0,19,47,10,46,5,0,0,0,0,0,0,0,0,0,0,1//AC_SHOWER	#箭雨#
0,19,142,1,0,0,0,0,0,0,0,0,0,0,0,0,0//NV_FIRSTAID	#緊急治療#
0,19,147,1,0,0,0,0,0,0,0,0,0,0,0,0,1//AC_MAKINGARROW	#製作箭#
0,19,148,1,0,0,0,0,0,0,0,0,0,0,0,0,1//AC_CHARGEARROW	#衝鋒箭#
0,19,304,1,0,0,0,0,0,0,0,0,0,0,0,0,2//BD_ADAPTATION	#臨機應變#
0,19,305,1,304,1,0,0,0,0,0,0,0,0,0,0,2//BD_ENCORE	#安可#
0,19,306,1,319,10,0,0,0,0,0,0,0,0,0,0,2//BD_LULLABY	#搖籃曲#
0,19,307,5,313,3,0,0,0,0,0,0,0,0,0,0,2//BD_RICHMANKIM	#經驗值倍增#
0,19,308,1,311,1,0,0,0,0,0,0,0,0,0,0,2//BD_ETERNALCHAOS	#永遠的混沌#
0,19,309,5,322,10,0,0,0,0,0,0,0,0,0,0,2//BD_DRUMBATTLEFIELD	#戰鼓震天#
0,19,310,5,309,3,0,0,0,0,0,0,0,0,0,0,2//BD_RINGNIBELUNGEN	#尼貝隆根之戒指#
0,19,311,1,320,10,0,0,0,0,0,0,0,0,0,0,2//BD_ROKISWEIL	#洛奇的悲鳴#
0,19,312,1,306,1,0,0,0,0,0,0,0,0,0,0,2//BD_INTOABYSS	#觸媒之所#
0,19,313,5,321,10,0,0,0,0,0,0,0,0,0,0,2//BD_SIEGFRIED	#不死神齊格弗里德#
0,19,315,10,0,0,0,0,0,0,0,0,0,0,0,0,2//BA_MUSICALLESSON	#操控樂器#
0,19,316,5,315,3,0,0,0,0,0,0,0,0,0,0,2//BA_MUSICALSTRIKE	#樂器攻擊#
0,19,317,5,304,1,315,1,0,0,0,0,0,0,0,0,2//BA_DISSONANCE	#不諧和音#
0,19,318,5,305,1,0,0,0,0,0,0,0,0,0,0,2//BA_FROSTJOKE	#冷笑話#
0,19,319,10,317,3,0,0,0,0,0,0,0,0,0,0,2//BA_WHISTLE	#吹口哨#
0,19,320,10,317,3,0,0,0,0,0,0,0,0,0,0,2//BA_ASSASSINCROSS	#刺客的黃昏#
0,19,321,10,317,3,0,0,0,0,0,0,0,0,0,0,2//BA_POEMBRAGI	#布萊奇之詩#
0,19,322,10,317,3,0,0,0,0,0,0,0,0,0,0,2//BA_APPLEIDUN	#伊登的蘋果#
0,19,1010,1,0,0,0,0,0,0,0,0,0,0,0,0,2//BA_PANGVOICE#陣痛之聲#

// Dancer
0,20,1,9,0,0,0,0,0,0,0,0,0,0,0,0,0//NV_BASIC	#基本技能#
0,20,43,10,0,0,0,0,0,0,0,0,0,0,0,0,1//AC_OWL	#鶚梟之眼#
0,20,44,10,43,3,0,0,0,0,0,0,0,0,0,0,1//AC_VULTURE	#蒼鷹之眼#
0,20,45,10,44,1,0,0,0,0,0,0,0,0,0,0,1//AC_CONCENTRATION	#心神凝聚#
0,20,46,10,0,0,0,0,0,0,0,0,0,0,0,0,1//AC_DOUBLE	#二連矢#
0,20,47,10,46,5,0,0,0,0,0,0,0,0,0,0,1//AC_SHOWER	#箭雨#
0,20,142,1,0,0,0,0,0,0,0,0,0,0,0,0,0//NV_FIRSTAID	#緊急治療#
0,20,147,1,0,0,0,0,0,0,0,0,0,0,0,0,1//AC_MAKINGARROW	#製作箭#
0,20,148,1,0,0,0,0,0,0,0,0,0,0,0,0,1//AC_CHARGEARROW	#衝鋒箭#
0,20,304,1,0,0,0,0,0,0,0,0,0,0,0,0,2//BD_ADAPTATION	#臨機應變#
0,20,305,1,304,1,0,0,0,0,0,0,0,0,0,0,2//BD_ENCORE	#安可#
0,20,306,1,327,10,0,0,0,0,0,0,0,0,0,0,2//BD_LULLABY	#搖籃曲#
0,20,307,5,313,3,0,0,0,0,0,0,0,0,0,0,2//BD_RICHMANKIM	#經驗值倍增#
0,20,308,1,311,1,0,0,0,0,0,0,0,0,0,0,2//BD_ETERNALCHAOS	#永遠的混沌#
0,20,309,5,330,10,0,0,0,0,0,0,0,0,0,0,2//BD_DRUMBATTLEFIELD	#戰鼓震天#
0,20,310,5,309,3,0,0,0,0,0,0,0,0,0,0,2//BD_RINGNIBELUNGEN	#尼貝隆根之戒指#
0,20,311,1,328,10,0,0,0,0,0,0,0,0,0,0,2//BD_ROKISWEIL	#洛奇的悲鳴#
0,20,312,1,306,1,0,0,0,0,0,0,0,0,0,0,2//BD_INTOABYSS	#觸媒之所#
0,20,313,5,329,10,0,0,0,0,0,0,0,0,0,0,2//BD_SIEGFRIED	#不死神齊格弗里德#
0,20,323,10,0,0,0,0,0,0,0,0,0,0,0,0,2//DC_DANCINGLESSON	#練習舞蹈#
0,20,324,5,323,3,0,0,0,0,0,0,0,0,0,0,2//DC_THROWARROW	#纏箭投擲#
0,20,325,5,304,1,323,1,0,0,0,0,0,0,0,0,2//DC_UGLYDANCE	#醜陋之舞#
0,20,326,5,305,1,0,0,0,0,0,0,0,0,0,0,2//DC_SCREAM	#驚聲尖叫#
0,20,327,10,325,3,0,0,0,0,0,0,0,0,0,0,2//DC_HUMMING	#哼唱之音#
0,20,328,10,325,3,0,0,0,0,0,0,0,0,0,0,2//DC_DONTFORGETME	#勿忘我#
0,20,329,10,325,3,0,0,0,0,0,0,0,0,0,0,2//DC_FORTUNEKISS	#女神之吻#
0,20,330,10,325,3,0,0,0,0,0,0,0,0,0,0,2//DC_SERVICEFORYOU	#為您服務#
0,20,1011,1,0,0,0,0,0,0,0,0,0,0,0,0,2//DC_WINKCHARM#眨眼之誘#

// Super Novice
0,23,1,9,0,0,0,0,0,0,0,0,0,0,0,0,0//NV_BASIC	#基本技能#
0,23,2,10,0,0,0,0,0,0,0,0,0,0,0,0,1//SM_SWORD	#單手劍使用熟練度#
0,23,4,10,0,0,0,0,0,0,0,0,0,0,0,0,1//SM_RECOVERY	#快速回復#
0,23,5,10,0,0,0,0,0,0,0,0,0,0,0,0,1//SM_BASH	#狂擊#
0,23,6,10,0,0,0,0,0,0,0,0,0,0,0,0,1//SM_PROVOKE	#挑釁#
0,23,7,10,5,5,0,0,0,0,0,0,0,0,0,0,1//SM_MAGNUM	#怒爆#
0,23,8,10,6,5,0,0,0,0,0,0,0,0,0,0,1//SM_ENDURE	#霸體#
0,23,9,10,0,0,0,0,0,0,0,0,0,0,0,0,1//MG_SRECOVERY	#禪心#
0,23,10,1,0,0,0,0,0,0,0,0,0,0,0,0,1//MG_SIGHT	#火狩#
0,23,11,10,0,0,0,0,0,0,0,0,0,0,0,0,1//MG_NAPALMBEAT	#心靈爆破#
0,23,12,10,11,7,13,5,0,0,0,0,0,0,0,0,1//MG_SAFETYWALL	#暗之障壁#
0,23,13,10,11,4,0,0,0,0,0,0,0,0,0,0,1//MG_SOULSTRIKE	#聖靈召喚#
0,23,14,10,0,0,0,0,0,0,0,0,0,0,0,0,1//MG_COLDBOLT	#冰箭術#
0,23,15,10,14,5,0,0,0,0,0,0,0,0,0,0,1//MG_FROSTDIVER	#冰凍術#
0,23,16,10,0,0,0,0,0,0,0,0,0,0,0,0,1//MG_STONECURSE	#石化術#
0,23,17,10,19,4,0,0,0,0,0,0,0,0,0,0,1//MG_FIREBALL	#火球術#
0,23,18,10,10,1,17,5,0,0,0,0,0,0,0,0,1//MG_FIREWALL	#火焰之壁#
0,23,19,10,0,0,0,0,0,0,0,0,0,0,0,0,1//MG_FIREBOLT	#火箭術#
0,23,20,10,0,0,0,0,0,0,0,0,0,0,0,0,1//MG_LIGHTNINGBOLT	#雷擊術#
0,23,21,10,20,4,0,0,0,0,0,0,0,0,0,0,1//MG_THUNDERSTORM	#雷爆術#
0,23,22,10,0,0,0,0,0,0,0,0,0,0,0,0,1//AL_DP	#天使之護#
0,23,23,10,22,3,0,0,0,0,0,0,0,0,0,0,1//AL_DEMONBANE	#天使之擊#
0,23,24,1,0,0,0,0,0,0,0,0,0,0,0,0,1//AL_RUWACH	#光獵#
0,23,25,1,27,4,0,0,0,0,0,0,0,0,0,0,1//AL_PNEUMA	#光之障壁#
0,23,26,2,24,1,0,0,0,0,0,0,0,0,0,0,1//AL_TELEPORT	#瞬間移動#
0,23,27,4,26,2,0,0,0,0,0,0,0,0,0,0,1//AL_WARP	#傳送之陣#
0,23,28,10,0,0,0,0,0,0,0,0,0,0,0,0,1//AL_HEAL	#治癒術#
0,23,29,10,28,3,0,0,0,0,0,0,0,0,0,0,1//AL_INCAGI	#加速術#
0,23,30,10,29,1,0,0,0,0,0,0,0,0,0,0,1//AL_DECAGI	#緩速術#
0,23,31,1,0,0,0,0,0,0,0,0,0,0,0,0,1//AL_HOLYWATER	#天使之淚#
0,23,32,10,23,3,0,0,0,0,0,0,0,0,0,0,1//AL_CRUCIS	#天使之光#
0,23,33,10,22,3,0,0,0,0,0,0,0,0,0,0,1//AL_ANGELUS	#天使之障壁#
0,23,34,10,22,5,0,0,0,0,0,0,0,0,0,0,1//AL_BLESSING	#天使之賜福#
0,23,35,1,0,0,0,0,0,0,0,0,0,0,0,0,1//AL_CURE	#治療術#
0,23,36,10,0,0,0,0,0,0,0,0,0,0,0,0,1//MC_INCCARRY	#負重量上升#
0,23,37,10,36,3,0,0,0,0,0,0,0,0,0,0,1//MC_DISCOUNT	#低價買進#
0,23,38,10,37,3,0,0,0,0,0,0,0,0,0,0,1//MC_OVERCHARGE	#高價賣出#
0,23,39,10,36,5,0,0,0,0,0,0,0,0,0,0,1//MC_PUSHCART	#手推車使用#
0,23,40,1,0,0,0,0,0,0,0,0,0,0,0,0,1//MC_IDENTIFY	#物品鑑定#
0,23,41,10,39,3,0,0,0,0,0,0,0,0,0,0,1//MC_VENDING	#露天商店#
0,23,42,10,0,0,0,0,0,0,0,0,0,0,0,0,1//MC_MAMMONITE	#金錢攻擊#
0,23,43,10,0,0,0,0,0,0,0,0,0,0,0,0,1//AC_OWL	#鶚梟之眼#
0,23,44,10,43,3,0,0,0,0,0,0,0,0,0,0,1//AC_VULTURE	#蒼鷹之眼#
0,23,45,10,44,1,0,0,0,0,0,0,0,0,0,0,1//AC_CONCENTRATION	#心神凝聚#
0,23,48,10,0,0,0,0,0,0,0,0,0,0,0,0,1//TF_DOUBLE	#二刀連擊#
0,23,49,10,0,0,0,0,0,0,0,0,0,0,0,0,1//TF_MISS	#殘影#
0,23,50,10,0,0,0,0,0,0,0,0,0,0,0,0,1//TF_STEAL	#偷竊#
0,23,51,10,50,5,0,0,0,0,0,0,0,0,0,0,1//TF_HIDING	#隱匿#
0,23,52,10,0,0,0,0,0,0,0,0,0,0,0,0,1//TF_POISON	#施毒#
0,23,53,1,52,3,0,0,0,0,0,0,0,0,0,0,1//TF_DETOXIFY	#解毒#
0,23,142,1,0,0,0,0,0,0,0,0,0,0,0,0,0//NV_FIRSTAID	#緊急治療#
// Novice High
1,0,1,9,0,0,0,0,0,0,0,0,0,0,0,0,0//NV_BASIC	#基本技能#
1,0,142,1,0,0,0,0,0,0,0,0,0,0,0,0,0//NV_FIRSTAID	#緊急治療#
1,0,143,1,0,0,0,0,0,0,0,0,0,0,0,0,0//NV_TRICKDEAD	#裝死#
// Swordman High
1,1,1,9,0,0,0,0,0,0,0,0,0,0,0,0,0//NV_BASIC	#基本技能#
1,1,2,10,0,0,0,0,0,0,0,0,0,0,0,0,1//SM_SWORD	#單手劍使用熟練度#
1,1,3,10,2,1,0,0,0,0,0,0,0,0,0,0,1//SM_TWOHAND	#雙手劍使用熟練度#
1,1,4,10,0,0,0,0,0,0,0,0,0,0,0,0,1//SM_RECOVERY	#快速回復#
1,1,5,10,0,0,0,0,0,0,0,0,0,0,0,0,1//SM_BASH	#狂擊#
1,1,6,10,0,0,0,0,0,0,0,0,0,0,0,0,1//SM_PROVOKE	#挑釁#
1,1,7,10,5,5,0,0,0,0,0,0,0,0,0,0,1//SM_MAGNUM	#怒爆#
1,1,8,10,6,5,0,0,0,0,0,0,0,0,0,0,1//SM_ENDURE	#霸體#
1,1,142,1,0,0,0,0,0,0,0,0,0,0,0,0,0//NV_FIRSTAID	#緊急治療#
1,1,144,1,0,0,0,0,0,0,0,0,0,0,0,0,1//SM_MOVINGRECOVERY	#移動時恢復HP#
1,1,145,1,0,0,0,0,0,0,0,0,0,0,0,0,1//SM_FATALBLOW	#攻擊弱點#
1,1,146,1,0,0,0,0,0,0,0,0,0,0,0,0,1//SM_AUTOBERSERK	#狂暴狀態#
// Magician High
1,2,1,9,0,0,0,0,0,0,0,0,0,0,0,0,0//NV_BASIC	#基本技能#
1,2,9,10,0,0,0,0,0,0,0,0,0,0,0,0,1//MG_SRECOVERY	#禪心#
1,2,10,1,0,0,0,0,0,0,0,0,0,0,0,0,1//MG_SIGHT	#火狩#
1,2,11,10,0,0,0,0,0,0,0,0,0,0,0,0,1//MG_NAPALMBEAT	#心靈爆破#
1,2,12,10,11,7,13,5,0,0,0,0,0,0,0,0,1//MG_SAFETYWALL	#暗之障壁#
1,2,13,10,11,4,0,0,0,0,0,0,0,0,0,0,1//MG_SOULSTRIKE	#聖靈召喚#
1,2,14,10,0,0,0,0,0,0,0,0,0,0,0,0,1//MG_COLDBOLT	#冰箭術#
1,2,15,10,14,5,0,0,0,0,0,0,0,0,0,0,1//MG_FROSTDIVER	#冰凍術#
1,2,16,10,0,0,0,0,0,0,0,0,0,0,0,0,1//MG_STONECURSE	#石化術#
1,2,17,10,19,4,0,0,0,0,0,0,0,0,0,0,1//MG_FIREBALL	#火球術#
1,2,18,10,10,1,17,5,0,0,0,0,0,0,0,0,1//MG_FIREWALL	#火焰之壁#
1,2,19,10,0,0,0,0,0,0,0,0,0,0,0,0,1//MG_FIREBOLT	#火箭術#
1,2,20,10,0,0,0,0,0,0,0,0,0,0,0,0,1//MG_LIGHTNINGBOLT	#雷擊術#
1,2,21,10,20,4,0,0,0,0,0,0,0,0,0,0,1//MG_THUNDERSTORM	#雷爆術#
1,2,142,1,0,0,0,0,0,0,0,0,0,0,0,0,0//NV_FIRSTAID	#緊急治療#
1,2,157,1,0,0,0,0,0,0,0,0,0,0,0,0,1//MG_ENERGYCOAT	#能量外套#
// Archer High
1,3,1,9,0,0,0,0,0,0,0,0,0,0,0,0,0//NV_BASIC	#基本技能#
1,3,43,10,0,0,0,0,0,0,0,0,0,0,0,0,1//AC_OWL	#鶚梟之眼#
1,3,44,10,43,3,0,0,0,0,0,0,0,0,0,0,1//AC_VULTURE	#蒼鷹之眼#
1,3,45,10,44,1,0,0,0,0,0,0,0,0,0,0,1//AC_CONCENTRATION	#心神凝聚#
1,3,46,10,0,0,0,0,0,0,0,0,0,0,0,0,1//AC_DOUBLE	#二連矢#
1,3,47,10,46,5,0,0,0,0,0,0,0,0,0,0,1//AC_SHOWER	#箭雨#
1,3,142,1,0,0,0,0,0,0,0,0,0,0,0,0,0//NV_FIRSTAID	#緊急治療#
1,3,147,1,0,0,0,0,0,0,0,0,0,0,0,0,1//AC_MAKINGARROW	#製作箭#
1,3,148,1,0,0,0,0,0,0,0,0,0,0,0,0,1//AC_CHARGEARROW	#衝鋒箭#
// Acolyte High
1,4,1,9,0,0,0,0,0,0,0,0,0,0,0,0,0//NV_BASIC	#基本技能#
1,4,22,10,0,0,0,0,0,0,0,0,0,0,0,0,1//AL_DP	#天使之護#
1,4,23,10,22,3,0,0,0,0,0,0,0,0,0,0,1//AL_DEMONBANE	#天使之擊#
1,4,24,1,0,0,0,0,0,0,0,0,0,0,0,0,1//AL_RUWACH	#光獵#
1,4,25,1,27,4,0,0,0,0,0,0,0,0,0,0,1//AL_PNEUMA	#光之障壁#
1,4,26,2,24,1,0,0,0,0,0,0,0,0,0,0,1//AL_TELEPORT	#瞬間移動#
1,4,27,4,26,2,0,0,0,0,0,0,0,0,0,0,1//AL_WARP	#傳送之陣#
1,4,28,10,0,0,0,0,0,0,0,0,0,0,0,0,1//AL_HEAL	#治癒術#
1,4,29,10,28,3,0,0,0,0,0,0,0,0,0,0,1//AL_INCAGI	#加速術#
1,4,30,10,29,1,0,0,0,0,0,0,0,0,0,0,1//AL_DECAGI	#緩速術#
1,4,31,1,0,0,0,0,0,0,0,0,0,0,0,0,1//AL_HOLYWATER	#天使之淚#
1,4,32,10,23,3,0,0,0,0,0,0,0,0,0,0,1//AL_CRUCIS	#天使之光#
1,4,33,10,22,3,0,0,0,0,0,0,0,0,0,0,1//AL_ANGELUS	#天使之障壁#
1,4,34,10,22,5,0,0,0,0,0,0,0,0,0,0,1//AL_BLESSING	#天使之賜福#
1,4,35,1,28,2,0,0,0,0,0,0,0,0,0,0,1//AL_CURE	#治療術#
1,4,142,1,0,0,0,0,0,0,0,0,0,0,0,0,0//NV_FIRSTAID	#緊急治療#
1,4,156,1,0,0,0,0,0,0,0,0,0,0,0,0,1//AL_HOLYLIGHT	#神聖之光#
// Merchant High
1,5,1,9,0,0,0,0,0,0,0,0,0,0,0,0,0//NV_BASIC	#基本技能#
1,5,36,10,0,0,0,0,0,0,0,0,0,0,0,0,1//MC_INCCARRY	#負重量上升#
1,5,37,10,36,3,0,0,0,0,0,0,0,0,0,0,1//MC_DISCOUNT	#低價買進#
1,5,38,10,37,3,0,0,0,0,0,0,0,0,0,0,1//MC_OVERCHARGE	#高價賣出#
1,5,39,10,36,5,0,0,0,0,0,0,0,0,0,0,1//MC_PUSHCART	#手推車使用#
1,5,40,1,0,0,0,0,0,0,0,0,0,0,0,0,1//MC_IDENTIFY	#物品鑑定#
1,5,41,10,39,3,0,0,0,0,0,0,0,0,0,0,1//MC_VENDING	#露天商店#
1,5,42,10,0,0,0,0,0,0,0,0,0,0,0,0,1//MC_MAMMONITE	#金錢攻擊#
1,5,142,1,0,0,0,0,0,0,0,0,0,0,0,0,0//NV_FIRSTAID	#緊急治療#
1,5,153,1,0,0,0,0,0,0,0,0,0,0,0,0,1//MC_CARTREVOLUTION	#手推車攻擊#
1,5,154,1,0,0,0,0,0,0,0,0,0,0,0,0,1//MC_CHANGECART	#改裝手推車#
1,5,155,1,0,0,0,0,0,0,0,0,0,0,0,0,1//MC_LOUD	#大聲吶喊#
// Thief High
1,6,1,9,0,0,0,0,0,0,0,0,0,0,0,0,0//NV_BASIC	#基本技能#
1,6,48,10,0,0,0,0,0,0,0,0,0,0,0,0,1//TF_DOUBLE	#二刀連擊#
1,6,49,10,0,0,0,0,0,0,0,0,0,0,0,0,1//TF_MISS	#殘影#
1,6,50,10,0,0,0,0,0,0,0,0,0,0,0,0,1//TF_STEAL	#偷竊#
1,6,51,10,50,5,0,0,0,0,0,0,0,0,0,0,1//TF_HIDING	#隱匿#
1,6,52,10,0,0,0,0,0,0,0,0,0,0,0,0,1//TF_POISON	#施毒#
1,6,53,1,52,3,0,0,0,0,0,0,0,0,0,0,1//TF_DETOXIFY	#解毒#
1,6,142,1,0,0,0,0,0,0,0,0,0,0,0,0,0//NV_FIRSTAID	#緊急治療#
1,6,149,1,0,0,0,0,0,0,0,0,0,0,0,0,1//TF_SPRINKLESAND	#噴砂#
1,6,150,1,0,0,0,0,0,0,0,0,0,0,0,0,1//TF_BACKSLIDING	#後退迴避#
1,6,151,1,0,0,0,0,0,0,0,0,0,0,0,0,1//TF_PICKSTONE	#撿石頭#
1,6,152,1,0,0,0,0,0,0,0,0,0,0,0,0,1//TF_THROWSTONE	#投擲石頭#
// Lord Knight
1,7,1,9,0,0,0,0,0,0,0,0,0,0,0,0,0//NV_BASIC	#基本技能#
1,7,2,10,0,0,0,0,0,0,0,0,0,0,0,0,1//SM_SWORD	#單手劍使用熟練度#
1,7,3,10,2,1,0,0,0,0,0,0,0,0,0,0,1//SM_TWOHAND	#雙手劍使用熟練度#
1,7,4,10,0,0,0,0,0,0,0,0,0,0,0,0,1//SM_RECOVERY	#快速回復#
1,7,5,10,0,0,0,0,0,0,0,0,0,0,0,0,1//SM_BASH	#狂擊#
1,7,6,10,0,0,0,0,0,0,0,0,0,0,0,0,1//SM_PROVOKE	#挑釁#
1,7,7,10,5,5,0,0,0,0,0,0,0,0,0,0,1//SM_MAGNUM	#怒爆#
1,7,8,10,6,5,0,0,0,0,0,0,0,0,0,0,1//SM_ENDURE	#霸體#
1,7,55,10,0,0,0,0,0,0,0,0,0,0,0,0,2//KN_SPEARMASTERY	#長矛使用熟練度#
1,7,56,10,55,1,0,0,0,0,0,0,0,0,0,0,2//KN_PIERCE	#連刺攻擊#
1,7,57,10,58,3,63,1,0,0,0,0,0,0,0,0,2//KN_BRANDISHSPEAR	#騎乘攻擊#
1,7,58,10,56,5,0,0,0,0,0,0,0,0,0,0,2//KN_SPEARSTAB	#長矛刺擊#
1,7,59,5,56,3,0,0,0,0,0,0,0,0,0,0,2//KN_SPEARBOOMERANG	#投擲長矛攻擊#
1,7,60,10,3,1,0,0,0,0,0,0,0,0,0,0,2//KN_TWOHANDQUICKEN	#雙手劍攻擊速度增加#
1,7,61,5,3,1,0,0,0,0,0,0,0,0,0,0,2//KN_AUTOCOUNTER	#反擊#
1,7,62,10,3,5,5,10,7,3,60,10,61,5,0,0,2//KN_BOWLINGBASH	#怪物互擊#
1,7,63,1,8,1,0,0,0,0,0,0,0,0,0,0,2//KN_RIDING	#騎乘術#
1,7,64,10,63,1,0,0,0,0,0,0,0,0,0,0,2//KN_CAVALIERMASTERY	#騎兵修練#
1,7,142,1,0,0,0,0,0,0,0,0,0,0,0,0,0//NV_FIRSTAID	#緊急治療#
1,7,144,1,0,0,0,0,0,0,0,0,0,0,0,0,1//SM_MOVINGRECOVERY	#移動時恢復HP#
1,7,145,1,0,0,0,0,0,0,0,0,0,0,0,0,1//SM_FATALBLOW	#攻擊弱點#
1,7,146,1,0,0,0,0,0,0,0,0,0,0,0,0,1//SM_AUTOBERSERK	#狂暴狀態#
1,7,355,5,3,5,7,5,0,0,0,0,0,0,0,0,2//LK_AURABLADE	#靈氣劍#
1,7,356,10,3,10,6,5,60,3,0,0,0,0,0,0,2//LK_PARRYING	#雙劍挌擋#
1,7,357,5,4,1,55,5,63,1,0,0,0,0,0,0,2//LK_CONCENTRATION	#集中攻擊#
1,7,358,1,4,10,8,3,0,0,0,0,0,0,0,0,2//LK_TENSIONRELAX	#極速回復#
1,7,359,1,0,0,0,0,0,0,0,0,0,0,0,50,2//LK_BERSERK	#狂怒之槍#
1,7,397,5,55,10,58,5,63,1,0,0,0,0,0,0,2//LK_SPIRALPIERCE	#螺旋擊刺#
1,7,398,5,55,9,63,1,0,0,0,0,0,0,0,0,2//LK_HEADCRUSH	#傷害增壓#
1,7,399,10,64,3,398,3,0,0,0,0,0,0,0,0,2//LK_JOINTBEAT	#巧打#
1,7,1001,1,0,0,0,0,0,0,0,0,0,0,0,0,2//KN_CHARGEATK#衝鋒攻擊#

// High Priest
1,8,1,9,0,0,0,0,0,0,0,0,0,0,0,0,0//NV_BASIC	#基本技能#
1,8,9,10,0,0,0,0,0,0,0,0,0,0,0,0,2//MG_SRECOVERY	#禪心#
1,8,12,10,68,4,70,3,0,0,0,0,0,0,0,0,2//MG_SAFETYWALL	#暗之障壁#
1,8,22,10,0,0,0,0,0,0,0,0,0,0,0,0,1//AL_DP	#天使之護#
1,8,23,10,22,3,0,0,0,0,0,0,0,0,0,0,1//AL_DEMONBANE	#天使之擊#
1,8,24,1,0,0,0,0,0,0,0,0,0,0,0,0,1//AL_RUWACH	#光獵#
1,8,25,1,27,4,0,0,0,0,0,0,0,0,0,0,1//AL_PNEUMA	#光之障壁#
1,8,26,2,24,1,0,0,0,0,0,0,0,0,0,0,1//AL_TELEPORT	#瞬間移動#
1,8,27,4,26,2,0,0,0,0,0,0,0,0,0,0,1//AL_WARP	#傳送之陣#
1,8,28,10,0,0,0,0,0,0,0,0,0,0,0,0,1//AL_HEAL	#治癒術#
1,8,29,10,28,3,0,0,0,0,0,0,0,0,0,0,1//AL_INCAGI	#加速術#
1,8,30,10,29,1,0,0,0,0,0,0,0,0,0,0,1//AL_DECAGI	#緩速術#
1,8,31,1,0,0,0,0,0,0,0,0,0,0,0,0,1//AL_HOLYWATER	#天使之淚#
1,8,32,10,23,3,0,0,0,0,0,0,0,0,0,0,1//AL_CRUCIS	#天使之光#
1,8,33,10,22,3,0,0,0,0,0,0,0,0,0,0,1//AL_ANGELUS	#天使之障壁#
1,8,34,10,22,5,0,0,0,0,0,0,0,0,0,0,1//AL_BLESSING	#天使之賜福#
1,8,35,1,28,2,0,0,0,0,0,0,0,0,0,0,1//AL_CURE	#治療術#
1,8,54,4,9,4,72,1,0,0,0,0,0,0,0,0,2//ALL_RESURRECTION	#復活術#
1,8,65,10,0,0,0,0,0,0,0,0,0,0,0,0,2//PR_MACEMASTERY	#權杖使用熟練度#
1,8,66,5,0,0,0,0,0,0,0,0,0,0,0,0,2//PR_IMPOSITIO	#神威祈福#
1,8,67,3,66,2,0,0,0,0,0,0,0,0,0,0,2//PR_SUFFRAGIUM	#犧牲祈福#
1,8,68,5,31,1,66,3,0,0,0,0,0,0,0,0,2//PR_ASPERSIO	#撒水祈福#
1,8,69,5,68,5,75,3,0,0,0,0,0,0,0,0,2//PR_BENEDICTIO	#聖之祈福#
1,8,70,10,28,1,0,0,0,0,0,0,0,0,0,0,2//PR_SANCTUARY	#光耀之堂#
1,8,71,4,0,0,0,0,0,0,0,0,0,0,0,0,2//PR_SLOWPOISON	#緩毒術#
1,8,72,1,0,0,0,0,0,0,0,0,0,0,0,0,2//PR_STRECOVERY	#痊癒術#
1,8,73,10,33,2,0,0,0,0,0,0,0,0,0,0,2//PR_KYRIE	#霸邪之陣#
1,8,74,5,0,0,0,0,0,0,0,0,0,0,0,0,2//PR_MAGNIFICAT	#聖母之頌歌#
1,8,75,5,73,4,74,3,0,0,0,0,0,0,0,0,2//PR_GLORIA	#幸運之頌歌#
1,8,76,10,24,1,0,0,0,0,0,0,0,0,0,0,2//PR_LEXDIVINA	#沉默之術#
1,8,77,10,54,1,76,3,0,0,0,0,0,0,0,0,2//PR_TURNUNDEAD	#轉生術#
1,8,78,1,76,5,0,0,0,0,0,0,0,0,0,0,2//PR_LEXAETERNA	#天使之怒#
1,8,79,10,12,1,77,3,78,1,0,0,0,0,0,0,2//PR_MAGNUS	#十字驅魔攻擊#
1,8,142,1,0,0,0,0,0,0,0,0,0,0,0,0,0//NV_FIRSTAID	#緊急治療#
1,8,156,1,0,0,0,0,0,0,0,0,0,0,0,0,1//AL_HOLYLIGHT	#神聖之光#
1,8,361,5,9,3,33,1,66,3,0,0,0,0,0,0,2//HP_ASSUMPTIO	#聖母之祈福#
1,8,362,5,9,1,75,2,0,0,0,0,0,0,0,0,2//HP_BASILICA	#神聖殿堂#
1,8,363,10,9,5,68,3,76,5,0,0,0,0,0,0,2//HP_MEDITATIO	#冥想#
1,8,481,5,65,10,23,10,0,0,0,0,0,0,0,0,2//HP_MANARECHARGE	#瑪納莉攻擊#
1,8,1014,1,0,0,0,0,0,0,0,0,0,0,0,0,2//PR_REDEMPTIO#捨身取義#

// High Wizard
1,9,1,9,0,0,0,0,0,0,0,0,0,0,0,0,0//NV_BASIC	#基本技能#
1,9,9,10,0,0,0,0,0,0,0,0,0,0,0,0,1//MG_SRECOVERY	#禪心#
1,9,10,1,0,0,0,0,0,0,0,0,0,0,0,0,1//MG_SIGHT	#火狩#
1,9,11,10,0,0,0,0,0,0,0,0,0,0,0,0,1//MG_NAPALMBEAT	#心靈爆破#
1,9,12,10,11,7,13,5,0,0,0,0,0,0,0,0,1//MG_SAFETYWALL	#暗之障壁#
1,9,13,10,11,4,0,0,0,0,0,0,0,0,0,0,1//MG_SOULSTRIKE	#聖靈召喚#
1,9,14,10,0,0,0,0,0,0,0,0,0,0,0,0,1//MG_COLDBOLT	#冰箭術#
1,9,15,10,14,5,0,0,0,0,0,0,0,0,0,0,1//MG_FROSTDIVER	#冰凍術#
1,9,16,10,0,0,0,0,0,0,0,0,0,0,0,0,1//MG_STONECURSE	#石化術#
1,9,17,10,19,4,0,0,0,0,0,0,0,0,0,0,1//MG_FIREBALL	#火球術#
1,9,18,10,10,1,17,5,0,0,0,0,0,0,0,0,1//MG_FIREWALL	#火焰之壁#
1,9,19,10,0,0,0,0,0,0,0,0,0,0,0,0,1//MG_FIREBOLT	#火箭術#
1,9,20,10,0,0,0,0,0,0,0,0,0,0,0,0,1//MG_LIGHTNINGBOLT	#雷擊術#
1,9,21,10,20,4,0,0,0,0,0,0,0,0,0,0,1//MG_THUNDERSTORM	#雷爆術#
1,9,80,10,18,1,0,0,0,0,0,0,0,0,0,0,2//WZ_FIREPILLAR	#火柱攻擊#
1,9,81,10,10,1,20,1,0,0,0,0,0,0,0,0,2//WZ_SIGHTRASHER	#火之獵殺#
1,9,83,10,21,1,81,2,0,0,0,0,0,0,0,0,2//WZ_METEOR	#隕石術#
1,9,84,10,11,1,20,1,0,0,0,0,0,0,0,0,2//WZ_JUPITEL	#雷鳴術#
1,9,85,10,21,1,84,5,0,0,0,0,0,0,0,0,2//WZ_VERMILION	#怒雷強擊#
1,9,86,5,14,1,20,1,0,0,0,0,0,0,0,0,2//WZ_WATERBALL	#水球術#
1,9,87,10,15,1,16,1,0,0,0,0,0,0,0,0,2//WZ_ICEWALL	#冰刃之牆#
1,9,88,10,87,1,0,0,0,0,0,0,0,0,0,0,2//WZ_FROSTNOVA	#霜凍之術#
1,9,89,10,15,1,84,3,0,0,0,0,0,0,0,0,2//WZ_STORMGUST	#暴風雪#
1,9,90,5,16,1,0,0,0,0,0,0,0,0,0,0,2//WZ_EARTHSPIKE	#地震術#
1,9,91,5,90,3,0,0,0,0,0,0,0,0,0,0,2//WZ_HEAVENDRIVE	#崩裂術#
1,9,92,5,91,1,0,0,0,0,0,0,0,0,0,0,2//WZ_QUAGMIRE	#泥沼地#
1,9,93,1,0,0,0,0,0,0,0,0,0,0,0,0,2//WZ_ESTIMATION	#怪物情報#
1,9,142,1,0,0,0,0,0,0,0,0,0,0,0,0,0//NV_FIRSTAID	#緊急治療#
1,9,157,1,0,0,0,0,0,0,0,0,0,0,0,0,1//MG_ENERGYCOAT	#能量外套#
1,9,364,10,9,5,13,7,0,0,0,0,0,0,0,0,2//HW_SOULDRAIN	#吸魂術#
1,9,365,1,9,1,0,0,0,0,0,0,0,0,0,0,2//HW_MAGICCRASHER	#魔擊術#
1,9,366,10,0,0,0,0,0,0,0,0,0,0,0,0,2//HW_MAGICPOWER	#魔力增幅#
1,9,400,5,11,5,0 ,0,0,0,0,0,0,0,0,0,2//HW_NAPALMVULCAN	#念力連擊#
1,9,483,1,93 ,1,87 ,1 ,0 ,0,0,0,0,0,0,0,2//HW_GANBANTEIN	#咖般塔音#
1,9,484,5,365,1,366,10,92,1,0,0,0,0,0,0,2//HW_GRAVITATION	#重力原野#
1,9,1006,1,0,0,0,0,0,0,0,0,0,0,0,0,2//WZ_SIGHTBLASTER#火狩芽#

// Whitesmith
1,10,1,9,0,0,0,0,0,0,0,0,0,0,0,0,0//NV_BASIC	#基本技能#
1,10,36,10,0,0,0,0,0,0,0,0,0,0,0,0,1//MC_INCCARRY	#負重量上升#
1,10,37,10,36,3,0,0,0,0,0,0,0,0,0,0,1//MC_DISCOUNT	#低價買進#
1,10,38,10,37,3,0,0,0,0,0,0,0,0,0,0,1//MC_OVERCHARGE	#高價賣出#
1,10,39,10,36,5,0,0,0,0,0,0,0,0,0,0,1//MC_PUSHCART	#手推車使用#
1,10,40,1,0,0,0,0,0,0,0,0,0,0,0,0,1//MC_IDENTIFY	#物品鑑定#
1,10,41,10,39,3,0,0,0,0,0,0,0,0,0,0,1//MC_VENDING	#露天商店#
1,10,42,10,0,0,0,0,0,0,0,0,0,0,0,0,1//MC_MAMMONITE	#金錢攻擊#
1,10,94,5,0,0,0,0,0,0,0,0,0,0,0,0,2//BS_IRON	#鐵製造#
1,10,95,5,94,1,0,0,0,0,0,0,0,0,0,0,2//BS_STEEL	#鋼製造#
1,10,96,5,0,0,0,0,0,0,0,0,0,0,0,0,2//BS_ENCHANTEDSTONE	#屬性石製造#
1,10,97,10,96,1,0,0,0,0,0,0,0,0,0,0,2//BS_ORIDEOCON	#神之金屬研究#
1,10,98,3,0,0,0,0,0,0,0,0,0,0,0,0,2//BS_DAGGER	#短劍製作#
1,10,99,3,98,1,0,0,0,0,0,0,0,0,0,0,2//BS_SWORD	#劍製作#
1,10,100,3,99,1,0,0,0,0,0,0,0,0,0,0,2//BS_TWOHANDSWORD	#雙手劍製作#
1,10,101,3,99,2,0,0,0,0,0,0,0,0,0,0,2//BS_AXE	#斧頭製作#
1,10,102,3,103,1,0,0,0,0,0,0,0,0,0,0,2//BS_MACE	#權杖製作#
1,10,103,3,98,1,0,0,0,0,0,0,0,0,0,0,2//BS_KNUCKLE	#拳套製作#
1,10,104,3,98,2,0,0,0,0,0,0,0,0,0,0,2//BS_SPEAR	#長矛-製作#
1,10,105,1,0,0,0,0,0,0,0,0,0,0,0,0,2//BS_HILTBINDING	#武器保有#
1,10,106,1,95,1,105,1,0,0,0,0,0,0,0,0,2//BS_FINDINGORE	#尋找礦石#
1,10,107,10,105,1,0,0,0,0,0,0,0,0,0,0,2//BS_WEAPONRESEARCH	#武器研究#
1,10,108,1,107,1,0,0,0,0,0,0,0,0,0,0,2//BS_REPAIRWEAPON	#武器修理#
1,10,109,5,0,0,0,0,0,0,0,0,0,0,0,0,2//BS_SKINTEMPER	#強化火屬性#
1,10,110,5,0,0,0,0,0,0,0,0,0,0,0,0,2//BS_HAMMERFALL	#大地之擊#
1,10,111,5,110,2,0,0,0,0,0,0,0,0,0,0,2//BS_ADRENALINE	#速度激發#
1,10,112,5,107,2,111,2,0,0,0,0,0,0,0,0,2//BS_WEAPONPERFECT	#無視體型攻擊#
1,10,113,5,111,3,0,0,0,0,0,0,0,0,0,0,2//BS_OVERTHRUST	#凶砍#
1,10,114,5,112,3,113,2,0,0,0,0,0,0,0,0,2//BS_MAXIMIZE	#武器值最大化#
1,10,142,1,0,0,0,0,0,0,0,0,0,0,0,0,0//NV_FIRSTAID	#緊急治療#
1,10,153,1,0,0,0,0,0,0,0,0,0,0,0,0,1//MC_CARTREVOLUTION	#手推車攻擊#
1,10,154,1,0,0,0,0,0,0,0,0,0,0,0,0,1//MC_CHANGECART	#改裝手推車#
1,10,155,1,0,0,0,0,0,0,0,0,0,0,0,0,1//MC_LOUD	#大聲吶喊#
1,10,384,10,107,5,109,3,113,3,0,0,0,0,0,0,2//WS_MELTDOWN	#野蠻凶砍#
//1,10,385,3,94,5,95,5,96,3,97,2,0,0,0,0,2//WS_CREATECOIN	#金錢鑄造#
//1,10,386,3,97,3,106,1,107,5,0,0,0,0,0,0,2//WS_CREATENUGGET	#金屬塊製造#
1,10,387,1,39,5,105,1,153,1,154,1,0,0,0,0,2//WS_CARTBOOST	#手推車加速#
//1,10,388,1,107,10,112,3,0,0,0,0,0,0,0,0,2//WS_SYSTEMCREATE	#攻擊塔製作#
1,10,477,10,107,10,0,0,0,0,0,0,0,0,0,0,2//WS_WEAPONREFINE	#武器精練#
1,10,485,10,42,10,110,5,387,1,0,0,0,0,0,0,2//WS_CARTTERMINATION	#手推車終結技#
1,10,486,5,113,5,0,0,0,0,0,0,0,0,0,0,2//WS_OVERTHRUSTMAX	#凶砍最大值#
1,10,1012,1,0,0,0,0,0,0,0,0,0,0,0,0,2//BS_UNFAIRLYTRICK#詭計的商術#
1,10,1013,1,0,0,0,0,0,0,0,0,0,0,0,0,2//BS_GREED#貪婪#

// Sniper
1,11,1,9,0,0,0,0,0,0,0,0,0,0,0,0,0//NV_BASIC	#基本技能#
1,11,43,10,0,0,0,0,0,0,0,0,0,0,0,0,1//AC_OWL	#鶚梟之眼#
1,11,44,10,43,3,0,0,0,0,0,0,0,0,0,0,1//AC_VULTURE	#蒼鷹之眼#
1,11,45,10,44,1,0,0,0,0,0,0,0,0,0,0,1//AC_CONCENTRATION	#心神凝聚#
1,11,46,10,0,0,0,0,0,0,0,0,0,0,0,0,1//AC_DOUBLE	#二連矢#
1,11,47,10,46,5,0,0,0,0,0,0,0,0,0,0,1//AC_SHOWER	#箭雨#
1,11,115,5,0,0,0,0,0,0,0,0,0,0,0,0,2//HT_SKIDTRAP	#滑動陷阱#
1,11,116,5,0,0,0,0,0,0,0,0,0,0,0,0,2//HT_LANDMINE	#地雷陷阱#
1,11,117,5,115,1,0,0,0,0,0,0,0,0,0,0,2//HT_ANKLESNARE	#定位陷阱#
1,11,118,5,117,1,0,0,0,0,0,0,0,0,0,0,2//HT_SHOCKWAVE	#魔耗陷阱#
1,11,119,5,120,1,0,0,0,0,0,0,0,0,0,0,2//HT_SANDMAN	#睡魔陷阱#
1,11,120,5,115,1,0,0,0,0,0,0,0,0,0,0,2//HT_FLASHER	#強光陷阱#
1,11,121,5,120,1,0,0,0,0,0,0,0,0,0,0,2//HT_FREEZINGTRAP	#霜凍陷阱#
1,11,122,5,116,1,119,1,121,1,0,0,0,0,0,0,2//HT_BLASTMINE	#定時爆炸陷阱#
1,11,123,5,118,1,122,1,0,0,0,0,0,0,0,0,2//HT_CLAYMORETRAP	#爆散陷阱#
1,11,124,1,116,1,0,0,0,0,0,0,0,0,0,0,2//HT_REMOVETRAP	#陷阱移除#
1,11,125,1,118,1,124,1,0,0,0,0,0,0,0,0,2//HT_TALKIEBOX	#陷阱探查#
1,11,126,10,0,0,0,0,0,0,0,0,0,0,0,0,2//HT_BEASTBANE	#動物殺手#
1,11,127,1,126,1,0,0,0,0,0,0,0,0,0,0,2//HT_FALCON	#馴鷹術#
1,11,128,10,129,5,0,0,0,0,0,0,0,0,0,0,2//HT_STEELCROW	#鋼製喙#
1,11,129,5,127,1,0,0,0,0,0,0,0,0,0,0,2//HT_BLITZBEAT	#閃電衝擊#
1,11,130,4,45,1,127,1,0,0,0,0,0,0,0,0,2//HT_DETECTING	#獵鷹尋敵#
1,11,131,5,124,1,127,1,0,0,0,0,0,0,0,0,2//HT_SPRINGTRAP	#爆破陷阱#
1,11,142,1,0,0,0,0,0,0,0,0,0,0,0,0,0//NV_FIRSTAID	#緊急治療#
1,11,147,1,0,0,0,0,0,0,0,0,0,0,0,0,1//AC_MAKINGARROW	#製作箭#
1,11,148,1,0,0,0,0,0,0,0,0,0,0,0,0,1//AC_CHARGEARROW	#衝鋒箭#
1,11,380,10,43,10,44,10,45,10,127,1,0,0,0,0,2//SN_SIGHT	#狙殺瞄準#
1,11,381,5,44,5,128,3,0,0,0,0,0,0,0,0,2//SN_FALCONASSAULT	#獵鷹突擊#
1,11,382,5,45,10,46,5,0,0,0,0,0,0,0,0,2//SN_SHARPSHOOTING	#銳利射擊#
1,11,383,10,45,9,0,0,0,0,0,0,0,0,0,0,2//SN_WINDWALK	#風之步#
1,11,1009,1,0,0,0,0,0,0,0,0,0,0,0,0,2//HT_PHANTASMIC#幻影箭#

// Assassin Cross
1,12,1,9,0,0,0,0,0,0,0,0,0,0,0,0,0//NV_BASIC	#基本技能#
1,12,48,10,0,0,0,0,0,0,0,0,0,0,0,0,1//TF_DOUBLE	#二刀連擊#
1,12,49,10,0,0,0,0,0,0,0,0,0,0,0,0,1//TF_MISS	#殘影#
1,12,50,10,0,0,0,0,0,0,0,0,0,0,0,0,1//TF_STEAL	#偷竊#
1,12,51,10,50,5,0,0,0,0,0,0,0,0,0,0,1//TF_HIDING	#隱匿#
1,12,52,10,0,0,0,0,0,0,0,0,0,0,0,0,1//TF_POISON	#施毒#
1,12,53,1,52,3,0,0,0,0,0,0,0,0,0,0,1//TF_DETOXIFY	#解毒#
1,12,132,5,0,0,0,0,0,0,0,0,0,0,0,0,2//AS_RIGHT	#右手-修練#
1,12,133,5,132,2,0,0,0,0,0,0,0,0,0,0,2//AS_LEFT	#左手-修練#
1,12,134,10,0,0,0,0,0,0,0,0,0,0,0,0,2//AS_KATAR	#拳刃-修練#
1,12,135,10,51,2,0,0,0,0,0,0,0,0,0,0,2//AS_CLOAKING	#偽裝#
1,12,136,10,134,4,0,0,0,0,0,0,0,0,0,0,2//AS_SONICBLOW	#音速投擲#
1,12,137,5,135,2,136,5,0,0,0,0,0,0,0,0,2//AS_GRIMTOOTH	#無影之牙#
1,12,138,10,52,1,0,0,0,0,0,0,0,0,0,0,2//AS_ENCHANTPOISON	#塗毒#
1,12,139,10,138,3,0,0,0,0,0,0,0,0,0,0,2//AS_POISONREACT	#毒性反彈#
1,12,140,10,138,5,0,0,0,0,0,0,0,0,0,0,2//AS_VENOMDUST	#病毒散撥#
1,12,141,10,139,5,140,5,0,0,0,0,0,0,0,0,2//AS_SPLASHER	#毒性感染#
1,12,142,1,0,0,0,0,0,0,0,0,0,0,0,0,0//NV_FIRSTAID	#緊急治療#
1,12,149,1,0,0,0,0,0,0,0,0,0,0,0,0,1//TF_SPRINKLESAND	#噴砂#
1,12,150,1,0,0,0,0,0,0,0,0,0,0,0,0,1//TF_BACKSLIDING	#後退迴避#
1,12,151,1,0,0,0,0,0,0,0,0,0,0,0,0,1//TF_PICKSTONE	#撿石頭#
1,12,152,1,0,0,0,0,0,0,0,0,0,0,0,0,1//TF_THROWSTONE	#投擲石頭#
1,12,376,10,48,5,134,7,0,0,0,0,0,0,0,0,2//ASC_KATAR	#高階拳刃修練#
//1,12,377,10,49,5,135,5,0,0,0,0,0,0,0,0,2//ASC_HALLUCINATION	#Hallucination#
1,12,378,10,407,1,0,0,0,0,0,0,0,0,0,0,2//ASC_EDP	#致命塗毒#
1,12,379,10,48,5,52,5,135,3,138,6,0,0,0,0,2//ASC_BREAKER	#心靈震波#
1,12,406,10,132,3,134,5,136,5,379,1,0,0,0,0,2//ASC_METEORASSAULT	#黑暗瞬間#
1,12,407,1,52,10,53,1,138,5,0,0,0,0,0,0,2//ASC_CDP	#毒液製作#
1,12,1003,1,0,0,0,0,0,0,0,0,0,0,0,0,2//AS_SONICACCEL#超音速投擲#
1,12,1004,1,0,0,0,0,0,0,0,0,0,0,0,0,2//AS_SONICACCEL#毒刃#

// Paladin
1,14,1,9,0,0,0,0,0,0,0,0,0,0,0,0,0//NV_BASIC	#基本技能#
1,14,2,10,0,0,0,0,0,0,0,0,0,0,0,0,1//SM_SWORD	#單手劍使用熟練度#
1,14,3,10,2,1,0,0,0,0,0,0,0,0,0,0,1//SM_TWOHAND	#雙手劍使用熟練度#
1,14,4,10,0,0,0,0,0,0,0,0,0,0,0,0,1//SM_RECOVERY	#快速回復#
1,14,5,10,0,0,0,0,0,0,0,0,0,0,0,0,1//SM_BASH	#狂擊#
1,14,6,10,0,0,0,0,0,0,0,0,0,0,0,0,1//SM_PROVOKE	#挑釁#
1,14,7,10,5,5,0,0,0,0,0,0,0,0,0,0,1//SM_MAGNUM	#怒爆#
1,14,8,10,6,5,0,0,0,0,0,0,0,0,0,0,1//SM_ENDURE	#霸體#
1,14,22,10,35,1,0,0,0,0,0,0,0,0,0,0,2//AL_DP	#天使之護#
1,14,23,10,22,3,0,0,0,0,0,0,0,0,0,0,2//AL_DEMONBANE	#天使之擊#
1,14,28,10,23,5,248,10,0,0,0,0,0,0,0,0,2//AL_HEAL	#治癒術#
1,14,35,1,248,5,0,0,0,0,0,0,0,0,0,0,2//AL_CURE	#治療術#
1,14,55,10,0,0,0,0,0,0,0,0,0,0,0,0,2//KN_SPEARMASTERY	#長矛使用熟練度#
1,14,63,1,8,1,0,0,0,0,0,0,0,0,0,0,2//KN_RIDING	#騎乘術#
1,14,64,10,63,1,0,0,0,0,0,0,0,0,0,0,2//KN_CAVALIERMASTERY	#騎兵修練#
1,14,142,1,0,0,0,0,0,0,0,0,0,0,0,0,0//NV_FIRSTAID	#緊急治療#
1,14,144,1,0,0,0,0,0,0,0,0,0,0,0,0,1//SM_MOVINGRECOVERY	#移動時恢復HP#
1,14,145,1,0,0,0,0,0,0,0,0,0,0,0,0,1//SM_FATALBLOW	#攻擊弱點#
1,14,146,1,0,0,0,0,0,0,0,0,0,0,0,0,1//SM_AUTOBERSERK	#狂暴狀態#
1,14,248,10,0,0,0,0,0,0,0,0,0,0,0,0,2//CR_TRUST	#信任#
1,14,249,10,0,0,0,0,0,0,0,0,0,0,0,0,2//CR_AUTOGUARD	#自動防禦#
1,14,250,5,249,5,0,0,0,0,0,0,0,0,0,0,2//CR_SHIELDCHARGE	#盾擊#
1,14,251,5,250,3,0,0,0,0,0,0,0,0,0,0,2//CR_SHIELDBOOMERANG	#迴旋盾擊#
1,14,252,10,251,3,0,0,0,0,0,0,0,0,0,0,2//CR_REFLECTSHIELD	#反射盾#
1,14,253,10,248,7,0,0,0,0,0,0,0,0,0,0,2//CR_HOLYCROSS	#聖十字攻擊#
1,14,254,10,248,10,253,6,0,0,0,0,0,0,0,0,2//CR_GRANDCROSS	#聖十字審判#
1,14,255,5,252,5,254,4,0,0,0,0,0,0,0,0,2//CR_DEVOTION	#犧牲#
1,14,256,5,22,5,28,5,0,0,0,0,0,0,0,0,2//CR_PROVIDENCE	#神祐之光#
1,14,257,5,251,1,0,0,0,0,0,0,0,0,0,0,2//CR_DEFENDER	#光之盾#
1,14,258,10,55,10,0,0,0,0,0,0,0,0,0,0,2//CR_SPEARQUICKEN	#長矛加速術#
1,14,367,5,8,5,248,5,250,2,0,0,0,0,0,0,2//PA_PRESSURE	#神之威壓#
1,14,368,5,8,1,255,3,0,0,0,0,0,0,0,0,2//PA_SACRIFICE	#捨命攻擊#
1,14,369,10,23,5,248,8,0,0,0,0,0,0,0,0,2//PA_GOSPEL	#聖音#
1,14,480,5,251,5,0,0,0,0,0,0,0,0,0,0,2//PA_SHIELDCHAIN	#連續盾擊#
1,14,1002,1,0,0,0,0,0,0,0,0,0,0,0,0,2//CR_SHRINK#退縮#

// Champion
1,15,1,9,0,0,0,0,0,0,0,0,0,0,0,0,0//NV_BASIC	#基本技能#
1,15,22,10,0,0,0,0,0,0,0,0,0,0,0,0,1//AL_DP	#天使之護#
1,15,23,10,22,3,0,0,0,0,0,0,0,0,0,0,1//AL_DEMONBANE	#天使之擊#
1,15,24,1,0,0,0,0,0,0,0,0,0,0,0,0,1//AL_RUWACH	#光獵#
1,15,25,1,27,4,0,0,0,0,0,0,0,0,0,0,1//AL_PNEUMA	#光之障壁#
1,15,26,2,24,1,0,0,0,0,0,0,0,0,0,0,1//AL_TELEPORT	#瞬間移動#
1,15,27,4,26,2,0,0,0,0,0,0,0,0,0,0,1//AL_WARP	#傳送之陣#
1,15,28,10,0,0,0,0,0,0,0,0,0,0,0,0,1//AL_HEAL	#治癒術#
1,15,29,10,28,3,0,0,0,0,0,0,0,0,0,0,1//AL_INCAGI	#加速術#
1,15,30,10,29,1,0,0,0,0,0,0,0,0,0,0,1//AL_DECAGI	#緩速術#
1,15,31,1,0,0,0,0,0,0,0,0,0,0,0,0,1//AL_HOLYWATER	#天使之淚#
1,15,32,10,23,3,0,0,0,0,0,0,0,0,0,0,1//AL_CRUCIS	#天使之光#
1,15,33,10,22,3,0,0,0,0,0,0,0,0,0,0,1//AL_ANGELUS	#天使之障壁#
1,15,34,10,22,5,0,0,0,0,0,0,0,0,0,0,1//AL_BLESSING	#天使之賜福#
1,15,35,1,28,2,0,0,0,0,0,0,0,0,0,0,1//AL_CURE	#治療術#
1,15,142,1,0,0,0,0,0,0,0,0,0,0,0,0,0//NV_FIRSTAID	#緊急治療#
1,15,156,1,0,0,0,0,0,0,0,0,0,0,0,0,1//AL_HOLYLIGHT	#神聖之光#
1,15,259,10,22,10,23,10,0,0,0,0,0,0,0,0,2//MO_IRONHAND	#鐵沙掌#
1,15,260,5,269,2,0,0,0,0,0,0,0,0,0,0,2//MO_SPIRITSRECOVERY	#運氣調息#
1,15,261,5,259,2,0,0,0,0,0,0,0,0,0,0,2//MO_CALLSPIRITS	#蓄氣#
1,15,262,1,261,5,0,0,0,0,0,0,0,0,0,0,2//MO_ABSORBSPIRITS	#吸氣#
1,15,263,10,265,5,0,0,0,0,0,0,0,0,0,0,2//MO_TRIPLEATTACK	#六合拳#
1,15,264,1,260,2,268,3,271,3,0,0,0,0,0,0,2//MO_BODYRELOCATION	#弓身彈影#
1,15,265,10,259,5,261,5,0,0,0,0,0,0,0,0,2//MO_DODGE	#移花接木#
1,15,266,5,261,5,0,0,0,0,0,0,0,0,0,0,2//MO_INVESTIGATE	#浸透勁#
1,15,267,5,266,3,0,0,0,0,0,0,0,0,0,0,2//MO_FINGEROFFENSIVE	#彈指神通#
1,15,268,5,273,3,0,0,0,0,0,0,0,0,0,0,2//MO_STEELBODY	#金剛不壞#
1,15,269,5,265,5,0,0,0,0,0,0,0,0,0,0,2//MO_BLADESTOP	#真劍百破道#
1,15,270,5,262,1,0,0,0,0,0,0,0,0,0,0,2//MO_EXPLOSIONSPIRITS	#爆氣#
1,15,271,5,267,3,270,3,0,0,0,0,0,0,0,0,2//MO_EXTREMITYFIST	#阿修羅霸凰拳#
1,15,272,5,263,5,0,0,0,0,0,0,0,0,0,0,2//MO_CHAINCOMBO	#連環全身掌#
1,15,273,5,272,3,0,0,0,0,0,0,0,0,0,0,2//MO_COMBOFINISH	#猛龍誇強#
1,15,370,5,259,7,261,5,0,0,0,0,0,0,0,0,2//CH_PALMSTRIKE	#猛虎硬爬山#
1,15,371,5,273,3,0,0,0,0,0,0,0,0,0,0,2//CH_TIGERFIST	#伏虎拳#
1,15,372,10,371,2,0,0,0,0,0,0,0,0,0,0,2//CH_CHAINCRUSH	#氣絕崩擊#
1,15,401,1,270,5,0,0,0,0,0,0,0,0,0,0,2//CH_SOULCOLLECT	#狂蓄氣#
1,15,1015,1,0,0,0,0,0,0,0,0,0,0,0,0,2//MO_KITRANSLATION#振氣注入#
1,15,1016,1,0,0,0,0,0,0,0,0,0,0,0,0,2//MO_BALKYOUNG#發勁#

// Professor
1,16,1,9,0,0,0,0,0,0,0,0,0,0,0,0,0//NV_BASIC	#基本技能#
1,16,9,10,0,0,0,0,0,0,0,0,0,0,0,0,1//MG_SRECOVERY	#禪心#
1,16,10,1,0,0,0,0,0,0,0,0,0,0,0,0,1//MG_SIGHT	#火狩#
1,16,11,10,0,0,0,0,0,0,0,0,0,0,0,0,1//MG_NAPALMBEAT	#心靈爆破#
1,16,12,10,11,7,13,5,0,0,0,0,0,0,0,0,1//MG_SAFETYWALL	#暗之障壁#
1,16,13,10,11,4,0,0,0,0,0,0,0,0,0,0,1//MG_SOULSTRIKE	#聖靈召喚#
1,16,14,10,0,0,0,0,0,0,0,0,0,0,0,0,1//MG_COLDBOLT	#冰箭術#
1,16,15,10,14,5,0,0,0,0,0,0,0,0,0,0,1//MG_FROSTDIVER	#冰凍術#
1,16,16,10,0,0,0,0,0,0,0,0,0,0,0,0,1//MG_STONECURSE	#石化術#
1,16,17,10,19,4,0,0,0,0,0,0,0,0,0,0,1//MG_FIREBALL	#火球術#
1,16,18,10,10,1,17,5,0,0,0,0,0,0,0,0,1//MG_FIREWALL	#火焰之壁#
1,16,19,10,0,0,0,0,0,0,0,0,0,0,0,0,1//MG_FIREBOLT	#火箭術#
1,16,20,10,0,0,0,0,0,0,0,0,0,0,0,0,1//MG_LIGHTNINGBOLT	#雷擊術#
1,16,21,10,20,4,0,0,0,0,0,0,0,0,0,0,1//MG_THUNDERSTORM	#雷爆術#
1,16,90,5,283,1,0,0,0,0,0,0,0,0,0,0,2//WZ_EARTHSPIKE	#地震術#
1,16,91,5,90,1,0,0,0,0,0,0,0,0,0,0,2//WZ_HEAVENDRIVE	#崩裂術#
1,16,93,1,0,0,0,0,0,0,0,0,0,0,0,0,2//WZ_ESTIMATION	#怪物情報#
1,16,142,1,0,0,0,0,0,0,0,0,0,0,0,0,0//NV_FIRSTAID	#緊急治療#
1,16,157,1,0,0,0,0,0,0,0,0,0,0,0,0,1//MG_ENERGYCOAT	#能量外套#
1,16,274,10,0,0,0,0,0,0,0,0,0,0,0,0,2//SA_ADVANCEDBOOK	#進化之書#
1,16,275,5,274,2,0,0,0,0,0,0,0,0,0,0,2//SA_CASTCANCEL	#取消施法#
1,16,276,5,274,4,0,0,0,0,0,0,0,0,0,0,2//SA_MAGICROD	#魔法懲罰#
1,16,277,5,276,1,0,0,0,0,0,0,0,0,0,0,2//SA_SPELLBREAKER	#念咒拆除#
1,16,278,10,275,1,0,0,0,0,0,0,0,0,0,0,2//SA_FREECAST	#自由施法#
1,16,279,10,278,4,0,0,0,0,0,0,0,0,0,0,2//SA_AUTOSPELL	#自動念咒#
1,16,280,5,19,1,274,5,0,0,0,0,0,0,0,0,2//SA_FLAMELAUNCHER	#火焰屬性附加#
1,16,281,5,14,1,274,5,0,0,0,0,0,0,0,0,2//SA_FROSTWEAPON	#水屬性附加#
1,16,282,5,20,1,274,5,0,0,0,0,0,0,0,0,2//SA_LIGHTNINGLOADER	#風屬性附加#
1,16,283,5,16,1,274,5,0,0,0,0,0,0,0,0,2//SA_SEISMICWEAPON	#地屬性附加#
1,16,284,5,274,9,0,0,0,0,0,0,0,0,0,0,2//SA_DRAGONOLOGY	#龍知識#
1,16,285,5,280,2,0,0,0,0,0,0,0,0,0,0,2//SA_VOLCANO	#火元素領域#
1,16,286,5,281,2,0,0,0,0,0,0,0,0,0,0,2//SA_DELUGE	#水元素領域#
1,16,287,5,282,2,0,0,0,0,0,0,0,0,0,0,2//SA_VIOLENTGALE	#風元素領域#
1,16,288,5,285,3,286,3,287,3,0,0,0,0,0,0,2//SA_LANDPROTECTOR	#地元素領域#
1,16,289,5,277,3,0,0,0,0,0,0,0,0,0,0,2//SA_DISPELL	#魔法效果解除#
1,16,290,10,279,5,288,1,289,1,0,0,0,0,0,0,2//SA_ABRACADABRA	#隨機技能#
1,16,373,5,9,1,276,1,0,0,0,0,0,0,0,0,2//PF_HPCONVERSION	#HP轉換#
1,16,374,1,276,3,277,2,0,0,0,0,0,0,0,0,2//PF_SOULCHANGE	#心神互換#
1,16,375,5,275,5,276,3,277,3,0,0,0,0,0,0,2//PF_SOULBURN	#精神耗弱術#
1,16,402,1,9,3,375,2,0,0,0,0,0,0,0,0,2//PF_MINDBREAKER	#精神撼動#
1,16,403,1,274,5,278,5,279,1,0,0,0,0,0,0,2//PF_MEMORIZE	#速讀術#
1,16,404,1,286,2,287,2,0,0,0,0,0,0,0,0,2//PF_FOGWALL	#薄霧牆#
1,16,405,5,284,4,0,0,0,0,0,0,0,0,0,0,2//PF_SPIDERWEB	#易燃之網#
1,16,482,5,279,1,0,0,0,0,0,0,0,0,0,0,2//PF_DOUBLECASTING	#雙倍投擲#
1,16,1007,1,0,0,0,0,0,0,0,0,0,0,0,0,2//SA_CREATECON#元素肯貝特 製作#
1,16,1008,1,0,0,0,0,0,0,0,0,0,0,0,0,2//SA_ELEMENTALWATER#元素更換(水)#
1,16,1017,1,0,0,0,0,0,0,0,0,0,0,0,0,2//SA_ELEMENTALGROUND#元素更換(地)#
1,16,1018,1,0,0,0,0,0,0,0,0,0,0,0,0,2//SA_ELEMENTALFIRE#元素更換(火)#
1,16,1019,1,0,0,0,0,0,0,0,0,0,0,0,0,2//SA_ELEMENTALWIND#元素更換(風)#

// Chaser
1,17,1,9,0,0,0,0,0,0,0,0,0,0,0,0,0//NV_BASIC	#基本技能#
1,17,2,10,0,0,0,0,0,0,0,0,0,0,0,0,2//SM_SWORD	#單手劍使用熟練度#
1,17,44,10,0,0,0,0,0,0,0,0,0,0,0,0,2//AC_VULTURE	#蒼鷹之眼#
1,17,46,10,44,10,0,0,0,0,0,0,0,0,0,0,2//AC_DOUBLE	#二連矢#
1,17,48,10,0,0,0,0,0,0,0,0,0,0,0,0,1//TF_DOUBLE	#二刀連擊#
1,17,49,10,0,0,0,0,0,0,0,0,0,0,0,0,1//TF_MISS	#殘影#
1,17,50,10,0,0,0,0,0,0,0,0,0,0,0,0,1//TF_STEAL	#偷竊#
1,17,51,10,50,5,0,0,0,0,0,0,0,0,0,0,1//TF_HIDING	#隱匿#
1,17,52,10,0,0,0,0,0,0,0,0,0,0,0,0,1//TF_POISON	#施毒#
1,17,53,1,52,3,0,0,0,0,0,0,0,0,0,0,1//TF_DETOXIFY	#解毒#
1,17,124,1,46,5,0,0,0,0,0,0,0,0,0,0,2//HT_REMOVETRAP	#陷阱移除#
1,17,142,1,0,0,0,0,0,0,0,0,0,0,0,0,0//NV_FIRSTAID	#緊急治療#
1,17,149,1,0,0,0,0,0,0,0,0,0,0,0,0,1//TF_SPRINKLESAND	#噴砂#
1,17,150,1,0,0,0,0,0,0,0,0,0,0,0,0,1//TF_BACKSLIDING	#後退迴避#
1,17,151,1,0,0,0,0,0,0,0,0,0,0,0,0,1//TF_PICKSTONE	#撿石頭#
1,17,152,1,0,0,0,0,0,0,0,0,0,0,0,0,1//TF_THROWSTONE	#投擲石頭#
1,17,210,10,50,1,0,0,0,0,0,0,0,0,0,0,2//RG_SNATCHER	#強奪#
1,17,211,10,210,4,0,0,0,0,0,0,0,0,0,0,2//RG_STEALCOIN	#偷錢#
1,17,212,10,211,4,0,0,0,0,0,0,0,0,0,0,2//RG_BACKSTAP	#背刺#
1,17,213,5,51,1,0,0,0,0,0,0,0,0,0,0,2//RG_TUNNELDRIVE	#潛遁#
1,17,214,5,212,2,213,2,0,0,0,0,0,0,0,0,2//RG_RAID	#潛擊#
1,17,215,5,217,5,0,0,0,0,0,0,0,0,0,0,2//RG_STRIPWEAPON	#卸除武器#
1,17,216,5,218,5,0,0,0,0,0,0,0,0,0,0,2//RG_STRIPSHIELD	#卸除盾牌#
1,17,217,5,216,5,0,0,0,0,0,0,0,0,0,0,2//RG_STRIPARMOR	#卸除鎧甲#
1,17,218,5,211,2,0,0,0,0,0,0,0,0,0,0,2//RG_STRIPHELM	#卸除頭盔#
1,17,219,5,212,4,214,5,0,0,0,0,0,0,0,0,2//RG_INTIMIDATE	#脅持#
1,17,220,1,221,5,0,0,0,0,0,0,0,0,0,0,2//RG_GRAFFITI	#塗鴉#
1,17,221,5,222,1,0,0,0,0,0,0,0,0,0,0,2//RG_FLAGGRAFFITI	#旗幟塗鴉#
1,17,222,1,223,1,0,0,0,0,0,0,0,0,0,0,2//RG_CLEANER	#清洗#
1,17,223,1,216,3,0,0,0,0,0,0,0,0,0,0,2//RG_GANGSTER	#流氓天國#
1,17,224,5,223,1,0,0,0,0,0,0,0,0,0,0,2//RG_COMPULSION	#強制減價#
1,17,225,10,219,5,0,0,0,0,0,0,0,0,0,0,2//RG_PLAGIARISM	#抄襲#
1,17,389,5,51,5,213,3,0,0,0,0,0,0,0,0,2//ST_CHASEWALK	#暗影追蹤#
1,17,390,5,215,1,0,0,0,0,0,0,0,0,0,0,2//ST_REJECTSWORD	#霸王魂#
1,17,475,1,225,10,0,0,0,0,0,0,0,0,0,0,2//ST_PRESERVE	#自由保護#
1,17,476,5,215,5,0,0,0,0,0,0,0,0,0,0,2//ST_FULLSTRIP	#所有卸除#
1,17,1005,1,0,0,0,0,0,0,0,0,0,0,0,0,2//RG_CLOSECONFINE#緊密的約束#

// Creator
1,18,1,9,0,0,0,0,0,0,0,0,0,0,0,0,0//NV_BASIC	#基本技能#
1,18,36,10,0,0,0,0,0,0,0,0,0,0,0,0,1//MC_INCCARRY	#負重量上升#
1,18,37,10,36,3,0,0,0,0,0,0,0,0,0,0,1//MC_DISCOUNT	#低價買進#
1,18,38,10,37,3,0,0,0,0,0,0,0,0,0,0,1//MC_OVERCHARGE	#高價賣出#
1,18,39,10,36,5,0,0,0,0,0,0,0,0,0,0,1//MC_PUSHCART	#手推車使用#
1,18,40,1,0,0,0,0,0,0,0,0,0,0,0,0,1//MC_IDENTIFY	#物品鑑定#
1,18,41,10,39,3,0,0,0,0,0,0,0,0,0,0,1//MC_VENDING	#露天商店#
1,18,42,10,0,0,0,0,0,0,0,0,0,0,0,0,1//MC_MAMMONITE	#金錢攻擊#
1,18,142,1,0,0,0,0,0,0,0,0,0,0,0,0,0//NV_FIRSTAID	#緊急治療#
1,18,153,1,0,0,0,0,0,0,0,0,0,0,0,0,1//MC_CARTREVOLUTION	#手推車攻擊#
1,18,154,1,0,0,0,0,0,0,0,0,0,0,0,0,1//MC_CHANGECART	#改裝手推車#
1,18,155,1,0,0,0,0,0,0,0,0,0,0,0,0,1//MC_LOUD	#大聲吶喊#
1,18,226,10,0,0,0,0,0,0,0,0,0,0,0,0,2//AM_AXEMASTERY	#斧頭使用熟練度#
1,18,227,10,0,0,0,0,0,0,0,0,0,0,0,0,2//AM_LEARNINGPOTION	#知識藥水#
1,18,228,10,227,5,0,0,0,0,0,0,0,0,0,0,2//AM_PHARMACY	#配藥#
1,18,229,5,228,4,0,0,0,0,0,0,0,0,0,0,2//AM_DEMONSTRATION	#火煙瓶投擲#
1,18,230,5,228,5,0,0,0,0,0,0,0,0,0,0,2//AM_ACIDTERROR	#強酸攻擊#
1,18,231,5,228,3,0,0,0,0,0,0,0,0,0,0,2//AM_POTIONPITCHER	#藥水投擲#
1,18,232,5,228,6,0,0,0,0,0,0,0,0,0,0,2//AM_CANNIBALIZE	#生物調撥#
1,18,233,5,228,2,0,0,0,0,0,0,0,0,0,0,2//AM_SPHEREMINE	#氣泡蟲召喚#
1,18,234,5,236,3,0,0,0,0,0,0,0,0,0,0,2//AM_CP_WEAPON	#化學武器保護#
1,18,235,5,237,3,0,0,0,0,0,0,0,0,0,0,2//AM_CP_SHIELD	#化學盾牌保護#
1,18,236,5,235,3,0,0,0,0,0,0,0,0,0,0,2//AM_CP_ARMOR	#化學鎧甲保護#
1,18,237,5,228,2,0,0,0,0,0,0,0,0,0,0,2//AM_CP_HELM	#化學頭盔保護#
1,18,238,1,0,0,0,0,0,0,0,0,0,0,0,0,2//AM_BIOETHICS	#生命倫理#
1,18,243,1,244,1,0,0,0,0,0,0,0,0,0,0,2//AM_CALLHOMUN	#生命體召喚#
1,18,244,1,238,1,0,0,0,0,0,0,0,0,0,0,2//AM_REST	#安息#
1,18,247,5,243,1,0,0,0,0,0,0,0,0,0,0,2//AM_RESURRECTHOMUN	#復活生命體#
//1,18,392,5,228,5,0,0,0,0,0,0,0,0,0,0,2//CR_ALCHEMY	#融合試驗#
//1,18,393,5,228,6,392,2,0,0,0,0,0,0,0,0,2//CR_SYNTHESISPOTION	#藥劑試驗#
1,18,478,10,231,5,0,0,0,0,0,0,0,0,0,0,2//CR_SLIMPITCHER#纖細藥水投擲#
1,18,479,5,234,5,235,5,236,5,237,5,0,0,0,0,2//CR_FULLPROTECTION#所有化學武器保護#
1,18,490,10,229,5,230,5,0,0,0,0,0,0,0,0,2//CR_ACIDDEMONSTRATION	#強酸火煙瓶投擲#
1,18,491,2,0,0,0,0,0,0,0,0,0,0,0,0,2//CR_CULTIVATION	#植物栽培#

// Clown
1,19,1,9,0,0,0,0,0,0,0,0,0,0,0,0,0//NV_BASIC	#基本技能#
1,19,43,10,0,0,0,0,0,0,0,0,0,0,0,0,1//AC_OWL	#鶚梟之眼#
1,19,44,10,43,3,0,0,0,0,0,0,0,0,0,0,1//AC_VULTURE	#蒼鷹之眼#
1,19,45,10,44,1,0,0,0,0,0,0,0,0,0,0,1//AC_CONCENTRATION	#心神凝聚#
1,19,46,10,0,0,0,0,0,0,0,0,0,0,0,0,1//AC_DOUBLE	#二連矢#
1,19,47,10,46,5,0,0,0,0,0,0,0,0,0,0,1//AC_SHOWER	#箭雨#
1,19,142,1,0,0,0,0,0,0,0,0,0,0,0,0,0//NV_FIRSTAID	#緊急治療#
1,19,147,1,0,0,0,0,0,0,0,0,0,0,0,0,1//AC_MAKINGARROW	#製作箭#
1,19,148,1,0,0,0,0,0,0,0,0,0,0,0,0,1//AC_CHARGEARROW	#衝鋒箭#
1,19,304,1,0,0,0,0,0,0,0,0,0,0,0,0,2//BD_ADAPTATION	#臨機應變#
1,19,305,1,304,1,0,0,0,0,0,0,0,0,0,0,2//BD_ENCORE	#安可#
1,19,306,1,319,10,0,0,0,0,0,0,0,0,0,0,2//BD_LULLABY	#搖籃曲#
1,19,307,5,313,3,0,0,0,0,0,0,0,0,0,0,2//BD_RICHMANKIM	#經驗值倍增#
1,19,308,1,311,1,0,0,0,0,0,0,0,0,0,0,2//BD_ETERNALCHAOS	#永遠的混沌#
1,19,309,5,322,10,0,0,0,0,0,0,0,0,0,0,2//BD_DRUMBATTLEFIELD	#戰鼓震天#
1,19,310,5,309,3,0,0,0,0,0,0,0,0,0,0,2//BD_RINGNIBELUNGEN	#尼貝隆根之戒指#
1,19,311,1,320,10,0,0,0,0,0,0,0,0,0,0,2//BD_ROKISWEIL	#洛奇的悲鳴#
1,19,312,1,306,1,0,0,0,0,0,0,0,0,0,0,2//BD_INTOABYSS	#觸媒之所#
1,19,313,5,321,10,0,0,0,0,0,0,0,0,0,0,2//BD_SIEGFRIED	#不死神齊格弗里德#
1,19,315,10,0,0,0,0,0,0,0,0,0,0,0,0,2//BA_MUSICALLESSON	#操控樂器#
1,19,316,5,315,3,0,0,0,0,0,0,0,0,0,0,2//BA_MUSICALSTRIKE	#樂器攻擊#
1,19,317,5,304,1,315,1,0,0,0,0,0,0,0,0,2//BA_DISSONANCE	#不諧和音#
1,19,318,5,305,1,0,0,0,0,0,0,0,0,0,0,2//BA_FROSTJOKE	#冷笑話#
1,19,319,10,317,3,0,0,0,0,0,0,0,0,0,0,2//BA_WHISTLE	#吹口哨#
1,19,320,10,317,3,0,0,0,0,0,0,0,0,0,0,2//BA_ASSASSINCROSS	#刺客的黃昏#
1,19,321,10,317,3,0,0,0,0,0,0,0,0,0,0,2//BA_POEMBRAGI	#布萊奇之詩#
1,19,322,10,317,3,0,0,0,0,0,0,0,0,0,0,2//BA_APPLEIDUN	#伊登的蘋果#
1,19,394,10,47,5,316,1,0,0,0,0,0,0,0,0,2//CG_ARROWVULCAN	#奧義箭亂舞#
1,19,395,5,45,5,315,7,0,0,0,0,0,0,0,0,2//CG_MOONLIT	#落花伴著月光下的水車小屋#
1,19,396,1,45,10,315,5,0,0,0,0,0,0,0,0,2//CG_MARIONETTE	#傀儡師的把戲#
1,19,487,5,317,3,315,10,396,1,0,0,0,0,0,0,2//CG_LONGINGFREEDOM	#不要拘束我#
1,19,489,5,45,10,315,3,0,0,0,0,0,0,0,0,2//CG_TAROTCARD	#命運的塔羅牌#
1,19,488,5,45,10,315,10,0,0,0,0,0,0,0,0,2//CG_HERMODE	#海羅默德的手杖#
1,19,1010,1,0,0,0,0,0,0,0,0,0,0,0,0,2//BA_PANGVOICE#陣痛之聲#

// Gypsy
1,20,1,9,0,0,0,0,0,0,0,0,0,0,0,0,0//NV_BASIC	#基本技能#
1,20,43,10,0,0,0,0,0,0,0,0,0,0,0,0,1//AC_OWL	#鶚梟之眼#
1,20,44,10,43,3,0,0,0,0,0,0,0,0,0,0,1//AC_VULTURE	#蒼鷹之眼#
1,20,45,10,44,1,0,0,0,0,0,0,0,0,0,0,1//AC_CONCENTRATION	#心神凝聚#
1,20,46,10,0,0,0,0,0,0,0,0,0,0,0,0,1//AC_DOUBLE	#二連矢#
1,20,47,10,46,5,0,0,0,0,0,0,0,0,0,0,1//AC_SHOWER	#箭雨#
1,20,142,1,0,0,0,0,0,0,0,0,0,0,0,0,0//NV_FIRSTAID	#緊急治療#
1,20,147,1,0,0,0,0,0,0,0,0,0,0,0,0,1//AC_MAKINGARROW	#製作箭#
1,20,148,1,0,0,0,0,0,0,0,0,0,0,0,0,1//AC_CHARGEARROW	#衝鋒箭#
1,20,304,1,0,0,0,0,0,0,0,0,0,0,0,0,2//BD_ADAPTATION	#臨機應變#
1,20,305,1,304,1,0,0,0,0,0,0,0,0,0,0,2//BD_ENCORE	#安可#
1,20,306,1,327,10,0,0,0,0,0,0,0,0,0,0,2//BD_LULLABY	#搖籃曲#
1,20,307,5,313,3,0,0,0,0,0,0,0,0,0,0,2//BD_RICHMANKIM	#經驗值倍增#
1,20,308,1,311,1,0,0,0,0,0,0,0,0,0,0,2//BD_ETERNALCHAOS	#永遠的混沌#
1,20,309,5,330,10,0,0,0,0,0,0,0,0,0,0,2//BD_DRUMBATTLEFIELD	#戰鼓震天#
1,20,310,5,309,3,0,0,0,0,0,0,0,0,0,0,2//BD_RINGNIBELUNGEN	#尼貝隆根之戒指#
1,20,311,1,328,10,0,0,0,0,0,0,0,0,0,0,2//BD_ROKISWEIL	#洛奇的悲鳴#
1,20,312,1,306,1,0,0,0,0,0,0,0,0,0,0,2//BD_INTOABYSS	#觸媒之所#
1,20,313,5,329,10,0,0,0,0,0,0,0,0,0,0,2//BD_SIEGFRIED	#不死神齊格弗里德#
1,20,323,10,0,0,0,0,0,0,0,0,0,0,0,0,2//DC_DANCINGLESSON	#練習舞蹈#
1,20,324,5,323,3,0,0,0,0,0,0,0,0,0,0,2//DC_THROWARROW	#纏箭投擲#
1,20,325,5,304,1,323,1,0,0,0,0,0,0,0,0,2//DC_UGLYDANCE	#醜陋之舞#
1,20,326,5,305,1,0,0,0,0,0,0,0,0,0,0,2//DC_SCREAM	#驚聲尖叫#
1,20,327,10,325,3,0,0,0,0,0,0,0,0,0,0,2//DC_HUMMING	#哼唱之音#
1,20,328,10,325,3,0,0,0,0,0,0,0,0,0,0,2//DC_DONTFORGETME	#勿忘我#
1,20,329,10,325,3,0,0,0,0,0,0,0,0,0,0,2//DC_FORTUNEKISS	#女神之吻#
1,20,330,10,325,3,0,0,0,0,0,0,0,0,0,0,2//DC_SERVICEFORYOU	#為您服務#
1,20,394,10,47,5,324,1,0,0,0,0,0,0,0,0,2//CG_ARROWVULCAN	#奧義箭亂舞#
1,20,395,5,45,5,323,7,0,0,0,0,0,0,0,0,2//CG_MOONLIT	#落花伴著月光下的水車小屋#
1,20,396,1,45,10,323,5,0,0,0,0,0,0,0,0,2//CG_MARIONETTE	#傀儡師的把戲#
1,20,487,5,325,3,323,10,396,1,0,0,0,0,0,0,2//CG_LONGINGFREEDOM	#不要拘束我#
1,20,489,5,45,10,325,3,0,0,0,0,0,0,0,0,2//CG_TAROTCARD	#命運的塔羅牌#
1,20,488,5,45,10,323,10,0,0,0,0,0,0,0,0,2//CG_HERMODE	#海羅默德的手杖#
1,20,1011,1,0,0,0,0,0,0,0,0,0,0,0,0,2//DC_WINKCHARM#眨眼之誘#

//TaeKwon Boy
0,24,1,9,0,0,0,0,0,0,0,0,0,0,0,0,0//NV_BASIC	#基本技能#
0,24,142,1,0,0,0,0,0,0,0,0,0,0,0,0,0//NV_FIRSTAID	#緊急治療#
0,24,411,10,0,0,0,0,0,0,0,0,0,0,0,0,1//TK_RUN	#跑步#
0,24,412,1,413,1,0,0,0,0,0,0,0,0,0,0,1//TK_READYSTORM	#迴旋準備#
0,24,413,7,0,0,0,0,0,0,0,0,0,0,0,0,1//TK_STORMKICK	#迴旋踢#
0,24,414,1,415,1,0,0,0,0,0,0,0,0,0,0,1//TK_READYDOWN	#砸踢準備#
0,24,415,7,0,0,0,0,0,0,0,0,0,0,0,0,1//TK_DOWNKICK	#砸踢#
0,24,416,1,417,1,0,0,0,0,0,0,0,0,0,0,1//TK_READYTURN	#踢準備#
0,24,417,7,0,0,0,0,0,0,0,0,0,0,0,0,1//TK_TURNKICK	#轉身踢#
0,24,418,1,419,1,0,0,0,0,0,0,0,0,0,0,1//TK_READYCOUNTER	#還擊準備#
0,24,419,7,0,0,0,0,0,0,0,0,0,0,0,0,1//TK_COUNTER	#還擊踢#
0,24,420,1,421,7,0,0,0,0,0,0,0,0,0,0,1//TK_DODGE	#落法#
0,24,421,7,0,0,0,0,0,0,0,0,0,0,0,0,1//TK_JUMPKICK	#飛腳踢#
0,24,422,10,0,0,0,0,0,0,0,0,0,0,0,0,1//TK_HPTIME	#平安的休息#
0,24,423,10,0,0,0,0,0,0,0,0,0,0,0,0,1//TK_SPTIME	#快樂的休息#
0,24,424,5,0,0,0,0,0,0,0,0,0,0,0,0,1//TK_POWER	#加油#
0,24,425,7,422,5,423,5,424,5,0,0,0,0,0,0,1//TK_SEVENWIND	#溫暖的風#
0,24,426,5,0,0,0,0,0,0,0,0,0,0,0,0,1//TK_HIGHJUMP	#跳高#
0,24,493,1,424,5,0,0,0,0,0,0,0,0,0,0,1//TK_MISSION	#太拳任務#

//Star Gladiator
0,25,1,9,0,0,0,0,0,0,0,0,0,0,0,0,0//NV_BASIC	#基本技能#
0,25,142,1,0,0,0,0,0,0,0,0,0,0,0,0,0//NV_FIRSTAID	#緊急治療#
0,25,411,10,0,0,0,0,0,0,0,0,0,0,0,0,1//TK_RUN	#跑步#
0,25,412,1,413,1,0,0,0,0,0,0,0,0,0,0,1//TK_READYSTORM	#迴旋準備#
0,25,413,7,0,0,0,0,0,0,0,0,0,0,0,0,1//TK_STORMKICK	#迴旋踢#
0,25,414,1,415,1,0,0,0,0,0,0,0,0,0,0,1//TK_READYDOWN	#砸踢準備#
0,25,415,7,0,0,0,0,0,0,0,0,0,0,0,0,1//TK_DOWNKICK	#砸踢#
0,25,416,1,417,1,0,0,0,0,0,0,0,0,0,0,1//TK_READYTURN	#踢準備#
0,25,417,7,0,0,0,0,0,0,0,0,0,0,0,0,1//TK_TURNKICK	#轉身踢#
0,25,418,1,419,1,0,0,0,0,0,0,0,0,0,0,1//TK_READYCOUNTER	#還擊準備#
0,25,419,7,0,0,0,0,0,0,0,0,0,0,0,0,1//TK_COUNTER	#還擊踢#
0,25,420,1,421,7,0,0,0,0,0,0,0,0,0,0,1//TK_DODGE	#落法#
0,25,421,7,0,0,0,0,0,0,0,0,0,0,0,0,1//TK_JUMPKICK	#飛腳踢#
0,25,422,10,0,0,0,0,0,0,0,0,0,0,0,0,1//TK_HPTIME	#平安的休息#
0,25,423,10,0,0,0,0,0,0,0,0,0,0,0,0,1//TK_SPTIME	#快樂的休息#
0,25,424,5,0,0,0,0,0,0,0,0,0,0,0,0,1//TK_POWER	#加油#
0,25,425,7,422,5,423,5,424,5,0,0,0,0,0,0,1//TK_SEVENWIND	#溫暖的風#
0,25,426,5,0,0,0,0,0,0,0,0,0,0,0,0,1//TK_HIGHJUMP	#跳高#
0,24,493,1,424,5,0,0,0,0,0,0,0,0,0,0,1//TK_MISSION	#太拳任務#
0,25,427,3,0,0,0,0,0,0,0,0,0,0,0,0,2//SG_FEEL	#太陽和月亮和星星的感覺#
0,25,428,3,427,1,0,0,0,0,0,0,0,0,0,0,2//SG_SUN_WARM	#太陽的溫暖#
0,25,429,3,427,2,0,0,0,0,0,0,0,0,0,0,2//SG_MOON_WARM	#月亮的溫暖#
0,25,430,3,427,3,0,0,0,0,0,0,0,0,0,0,2//SG_STAR_WARM	#星星的溫暖#
0,25,431,4,427,1,0,0,0,0,0,0,0,0,0,0,2//SG_SUN_COMFORT	#太陽的平安感#
0,25,432,4,427,2,0,0,0,0,0,0,0,0,0,0,2//SG_MOON_COMFORT	#月亮的平安感#
0,25,433,4,427,3,0,0,0,0,0,0,0,0,0,0,2//SG_STAR_COMFORT	#星星的平安感#
0,25,434,3,0,0,0,0,0,0,0,0,0,0,0,0,2//SG_HATE	#太陽和月亮和星星的憎惡#
0,25,435,3,434,1,0,0,0,0,0,0,0,0,0,0,2//SG_SUN_ANGER	#太陽的憤怒#
0,25,436,3,434,2,0,0,0,0,0,0,0,0,0,0,2//SG_MOON_ANGER	#月亮的憤怒#
0,25,437,3,434,3,0,0,0,0,0,0,0,0,0,0,2//SG_STAR_ANGER	#星星的憤怒#
0,25,438,5,427,1,434,1,0,0,0,0,0,0,0,0,2//SG_SUN_BLESS	#太陽的祝福#
0,25,439,5,427,2,434,2,0,0,0,0,0,0,0,0,2//SG_MOON_BLESS	#月亮的祝福#
0,25,440,5,427,3,434,3,0,0,0,0,0,0,0,0,2//SG_STAR_BLESS	#星星的祝福#
0,25,441,10,0,0,0,0,0,0,0,0,0,0,0,0,2//SG_DEVIL	#太陽和月亮和星星的惡魔#
0,25,442,3,0,0,0,0,0,0,0,0,0,0,0,0,2//SG_FRIEND	#太陽和月亮和星星的朋友#
0,25,443,10,0,0,0,0,0,0,0,0,0,0,0,0,2//SG_KNOWLEDGE	#太陽和月亮和星星的知識#
0,25,444,1,443,9,0,0,0,0,0,0,0,0,0,0,2//SG_FUSION	#太陽和月亮和星星的融合#

//Soul Linker
0,27,1,9,0,0,0,0,0,0,0,0,0,0,0,0,0//NV_BASIC	#基本技能#
0,27,142,1,0,0,0,0,0,0,0,0,0,0,0,0,0//NV_FIRSTAID	#緊急治療#
0,27,411,10,0,0,0,0,0,0,0,0,0,0,0,0,1//TK_RUN	#跑步#
0,27,412,1,413,1,0,0,0,0,0,0,0,0,0,0,1//TK_READYSTORM	#迴旋準備#
0,27,413,7,0,0,0,0,0,0,0,0,0,0,0,0,1//TK_STORMKICK	#迴旋踢#
0,27,414,1,415,1,0,0,0,0,0,0,0,0,0,0,1//TK_READYDOWN	#砸踢準備#
0,27,415,7,0,0,0,0,0,0,0,0,0,0,0,0,1//TK_DOWNKICK	#砸踢#
0,27,416,1,417,1,0,0,0,0,0,0,0,0,0,0,1//TK_READYTURN	#踢準備#
0,27,417,7,0,0,0,0,0,0,0,0,0,0,0,0,1//TK_TURNKICK	#轉身踢#
0,27,418,1,419,1,0,0,0,0,0,0,0,0,0,0,1//TK_READYCOUNTER	#還擊準備#
0,27,419,7,0,0,0,0,0,0,0,0,0,0,0,0,1//TK_COUNTER	#還擊踢#
0,27,420,1,421,7,0,0,0,0,0,0,0,0,0,0,1//TK_DODGE	#落法#
0,27,421,7,0,0,0,0,0,0,0,0,0,0,0,0,1//TK_JUMPKICK	#飛腳踢#
0,27,422,10,0,0,0,0,0,0,0,0,0,0,0,0,1//TK_HPTIME	#平安的休息#
0,27,423,10,0,0,0,0,0,0,0,0,0,0,0,0,1//TK_SPTIME	#快樂的休息#
0,27,424,5,0,0,0,0,0,0,0,0,0,0,0,0,1//TK_POWER	#加油#
0,27,425,7,422,5,423,5,424,5,0,0,0,0,0,0,1//TK_SEVENWIND	#溫暖的風#
0,27,426,5,0,0,0,0,0,0,0,0,0,0,0,0,1//TK_HIGHJUMP	#跳高#
0,24,493,1,424,5,0,0,0,0,0,0,0,0,0,0,1//TK_MISSION	#太拳任務#
0,27,445,5,0,0,0,0,0,0,0,0,0,0,0,0,2//SL_ALCHEMIST	#鍊金術師的靈魂#
0,27,447,5,0,0,0,0,0,0,0,0,0,0,0,0,2//SL_MONK	#武道家的靈魂#
0,27,448,5,0,0,0,0,0,0,0,0,0,0,0,0,2//SL_STAR	#拳聖的靈魂#
0,27,449,5,0,0,0,0,0,0,0,0,0,0,0,0,2//SL_SAGE	#賢者的靈魂#
0,27,450,5,0,0,0,0,0,0,0,0,0,0,0,0,2//SL_CRUSADER	#十字軍的靈魂#
0,27,451,5,0,0,0,0,0,0,0,0,0,0,0,0,2//SL_SUPERNOVICE	#超級初學者的靈魂#
0,27,452,5,450,1,0,0,0,0,0,0,0,0,0,0,2//SL_KNIGHT	#騎士的靈魂#
0,27,453,5,449,1,0,0,0,0,0,0,0,0,0,0,2//SL_WIZARD	#巫師的靈魂#
0,27,454,5,447,1,0,0,0,0,0,0,0,0,0,0,2//SL_PRIEST	#祭司的靈魂#
0,27,455,5,0,0,0,0,0,0,0,0,0,0,0,0,2//SL_BARDDANCER	#吟遊詩人和舞孃的靈魂#
0,27,456,5,457,1,0,0,0,0,0,0,0,0,0,0,2//SL_ROGUE	#流氓的靈魂#
0,27,457,5,0,0,0,0,0,0,0,0,0,0,0,0,2//SL_ASSASIN	#刺客的靈魂#
0,27,458,5,445,1,0,0,0,0,0,0,0,0,0,0,2//SL_BLACKSMITH	#鐵匠的靈魂#
0,27,460,5,455,1,0,0,0,0,0,0,0,0,0,0,2//SL_HUNTER	#獵人的靈魂#
0,27,461,5,448,1,0,0,0,0,0,0,0,0,0,0,2//SL_SOULLINKER	#悟靈士的靈魂#
0,27,494,5,0,0,0,0,0,0,0,0,0,0,0,0,2//SL_HIGH#一轉上等職業的靈魂#
0,27,462,7,454,1,0,0,0,0,0,0,0,0,0,0,2//SL_KAIZEL	#凱易哲#
0,27,463,7,454,1,447,1,450,1,0,0,0,0,0,0,2//SL_KAAHI	#凱阿希#
0,27,464,3,457,1,456,1,0,0,0,0,0,0,0,0,2//SL_KAUPE	#凱誣僕#
0,27,465,7,453,1,449,1,0,0,0,0,0,0,0,0,2//SL_KAITE	#凱易特#
0,27,466,7,423,1,0,0,0,0,0,0,0,0,0,0,2//SL_KAINA	#凱易娜#
0,27,467,7,453,1,0,0,0,0,0,0,0,0,0,0,2//SL_STIN	#艾斯提#
0,27,468,7,453,1,0,0,0,0,0,0,0,0,0,0,2//SL_STUN	#艾斯敦#
0,27,469,10,467,7,468,7,0,0,0,0,0,0,0,0,2//SL_SMA	#艾斯麻#
0,27,470,7,454,1,0,0,0,0,0,0,0,0,0,0,2//SL_SWOO	#艾斯誣#
0,27,471,3,452,1,0,0,0,0,0,0,0,0,0,0,2//SL_SKE	#艾斯克#
0,27,472,3,447,1,0,0,0,0,0,0,0,0,0,0,2//SL_SKA	#艾斯卡#

// Gunslinger
0,28,1,9,0,0,0,0,0,0,0,0,0,0,0,0,0	//NV_BASIC	#基本技能#
0,28,142,1,0,0,0,0,0,0,0,0,0,0,0,0,0	//NV_FIRSTAID	#緊急治療#
0,28,500,5,0,0,0,0,0,0,0,0,0,0,0,0,1	//GS_GLITTERING	#彈硬幣#
0,28,501,1,500,1,0,0,0,0,0,0,0,0,0,0,1	//GS_FLING	#投擲硬幣#
0,28,502,1,500,1,511,10,0,0,0,0,0,0,0,0,1	//GS_TRIPLEACTION	#三連擊#
0,28,503,1,500,5,512,10,0,0,0,0,0,0,0,0,1	//GS_BULLSEYE	#公牛之眼#
0,28,504,1,500,4,517,10,0,0,0,0,0,0,0,0,1	//GS_MADNESSCANCEL	#瘋狂取消#
0,28,505,1,500,4,513,5,0,0,0,0,0,0,0,0,1	//GS_ADJUSTMENT	#狀態調整#
0,28,506,1,500,2,510,10,0,0,0,0,0,0,0,0,1	//GS_INCREASING	#精準度增加#
0,28,507,1,500,1,0,0,0,0,0,0,0,0,0,0,1	//GS_MAGICALBULLET	#魔法子彈#
0,28,508,1,500,1,0,0,0,0,0,0,0,0,0,0,1	//GS_CRACKER	#鳴槍#
0,28,509,10,0,0,0,0,0,0,0,0,0,0,0,0,1	//GS_SINGLEACTION	#單一動作#
0,28,510,10,0,0,0,0,0,0,0,0,0,0,0,0,1	//GS_SNAKEEYE	#蛇眼#
0,28,511,10,509,1,0,0,0,0,0,0,0,0,0,0,1	//GS_CHAINACTION	#連鎖攻擊#
0,28,512,10,509,5,0,0,0,0,0,0,0,0,0,0,1	//GS_TRACKING	#精確射擊#
0,28,513,5,512,7,0,0,0,0,0,0,0,0,0,0,1	//GS_DISARM	#武裝解除#
0,28,514,5,512,5,0,0,0,0,0,0,0,0,0,0,1	//GS_PIERCINGSHOT	#尖銳射擊#
0,28,515,10,511,3,0,0,0,0,0,0,0,0,0,0,1	//GS_RAPIDSHOWER	#輪林彈雨#
0,28,516,10,515,5,0,0,0,0,0,0,0,0,0,0,1	//GS_DESPERADO	#亡命之徒#
0,28,517,10,515,7,516,5,0,0,0,0,0,0,0,0,1	//GS_GATLINGFEVER	#狂熱機槍#
0,28,518,10,509,5,0,0,0,0,0,0,0,0,0,0,1	//GS_DUST	#星塵#
0,28,519,10,518,3,0,0,0,0,0,0,0,0,0,0,1	//GS_FULLBUSTER	#全彈齊射#
0,28,520,10,519,5,0,0,0,0,0,0,0,0,0,0,1	//GS_SPREADATTACK	#擴散攻擊#
0,28,521,10,520,7,0,0,0,0,0,0,0,0,0,0,1	//GS_GROUNDDRIFT	#大地漂流#

// Ninja
0,29,1,9,0,0,0,0,0,0,0,0,0,0,0,0,0	//NV_BASIC	#基本技能#
0,29,142,1,0,0,0,0,0,0,0,0,0,0,0,0,0	//NV_FIRSTAID	#緊急治療#
0,29,522,10,0,0,0,0,0,0,0,0,0,0,0,0,1	//NJ_TOBIDOUGU	#飛刀修練#
0,29,523,10,522,1,0,0,0,0,0,0,0,0,0,0,1	//NJ_SYURIKEN	#手裡劍投擲#
0,29,524,5,523,5,0,0,0,0,0,0,0,0,0,0,1	//NJ_KUNAI	#苦無投擲#
0,29,525,5,524,5,522,5,0,0,0,0,0,0,0,0,1	//NJ_HUUMA	#風魔手裡劍投擲#
0,29,526,10,525,5,522,10,0,0,0,0,0,0,0,0,1	//NJ_ZENYNAGE	#金錢投擲#
0,29,527,5,0,0,0,0,0,0,0,0,0,0,0,0,1	//NJ_TATAMIGAESHI	#榻榻米逆轉#
0,29,528,10,529,1,0,0,0,0,0,0,0,0,0,0,1	//NJ_KASUMIKIRI	#影跳躍#
0,29,529,5,527,1,0,0,0,0,0,0,0,0,0,0,1	//NJ_SHADOWJUMP	#霧切#
0,29,530,5,528,5,0,0,0,0,0,0,0,0,0,0,1	//NJ_KIRIKAGE	#影切#
0,29,531,5,529,5,0,0,0,0,0,0,0,0,0,0,1	//NJ_UTSUSEMI	#金蟬脫殼#
0,29,532,10,531,4,543,1,530,3,0,0,0,0,0,0,1	//NJ_BUNSINJYUTSU	#幻影分身#
0,29,533,10,0,0,0,0,0,0,0,0,0,0,0,0,1	//NJ_NINPOU	#忍法修練#
0,29,534,10,533,1,0,0,0,0,0,0,0,0,0,0,1	//NJ_KOUENKA	#紅炎華#
0,29,535,10,534,5,0,0,0,0,0,0,0,0,0,0,1	//NJ_KAENSIN	#火炎陣#
0,29,536,5,535,7,533,10,0,0,0,0,0,0,0,0,1	//NJ_BAKUENRYU	#爆炎龍#
0,29,537,10,533,1,0,0,0,0,0,0,0,0,0,0,1	//NJ_HYOUSENSOU	#冰閃槍#
0,29,538,10,537,5,0,0,0,0,0,0,0,0,0,0,1	//NJ_SUITON	#水遁#
0,29,539,5,538,7,533,10,0,0,0,0,0,0,0,0,1	//NJ_HYOUSYOURAKU	#冰晶落#
0,29,540,10,533,1,0,0,0,0,0,0,0,0,0,0,1	//NJ_HUUJIN	#風刃#
0,29,541,5,540,5,0,0,0,0,0,0,0,0,0,0,1	//NJ_RAIGEKISAI	#雷擊碎#
0,29,542,5,541,5,533,10,0,0,0,0,0,0,0,0,1	//NJ_KAMAITACHI	#朔風-鐮鼬#
0,29,543,5,533,5,0,0,0,0,0,0,0,0,0,0,1	//NJ_NEN	#念#
0,29,544,10,522,7,530,5,543,1,0,0,0,0,0,0,1	//NJ_ISSEN	#一閃#

